97.58776000	1.00000000
97.76344000	2.00000000
96.56705000	3.00000000
92.52037000	4.00000000
91.15097000	5.00000000
95.21728000	6.00000000
90.21355000	7.00000000
89.29235000	8.00000000
91.51479000	9.00000000
89.60965000	10.00000000
86.56187000	11.00000000
85.55315000	12.00000000
87.13053000	13.00000000
85.67938000	14.00000000
80.04849000	15.00000000
82.18922000	16.00000000
87.24078000	17.00000000
80.79401000	18.00000000
81.28564000	19.00000000
81.56932000	20.00000000
79.22703000	21.00000000
79.43259000	22.00000000
77.90174000	23.00000000
76.75438000	24.00000000
77.17338000	25.00000000
74.27296000	26.00000000
73.11830000	27.00000000
73.84732000	28.00000000
72.47746000	29.00000000
71.92128000	30.00000000
66.91962000	31.00000000
67.93554000	32.00000000
69.55841000	33.00000000
69.06592000	34.00000000
66.53371000	35.00000000
63.87094000	36.00000000
69.70526000	37.00000000
63.59295000	38.00000000
63.35509000	39.00000000
59.99747000	40.00000000
62.64843000	41.00000000
65.77345000	42.00000000
59.10141000	43.00000000
56.57750000	44.00000000
61.15313000	45.00000000
54.30767000	46.00000000
62.83535000	47.00000000
56.52957000	48.00000000
56.98427000	49.00000000
58.11459000	50.00000000
58.69576000	51.00000000
58.23322000	52.00000000
54.90490000	53.00000000
57.91442000	54.00000000
56.96629000	55.00000000
51.13831000	56.00000000
49.27123000	57.00000000
52.92668000	58.00000000
54.47693000	59.00000000
51.81710000	60.00000000
51.05401000	61.00000000
52.51731000	62.00000000
51.83710000	63.00000000
54.48196000	64.00000000
49.05859000	65.00000000
50.52315000	66.00000000
50.32755000	67.00000000
46.44419000	68.00000000
50.89281000	69.00000000
52.13203000	70.00000000
49.78741000	71.00000000
49.01637000	72.00000000
54.18198000	73.00000000
53.17456000	74.00000000
53.20827000	75.00000000
57.43459000	76.00000000
51.95282000	77.00000000
54.20282000	78.00000000
57.46687000	79.00000000
53.60268000	80.00000000
58.86728000	81.00000000
57.66652000	82.00000000
63.71034000	83.00000000
65.24244000	84.00000000
65.10878000	85.00000000
69.96313000	86.00000000
68.85475000	87.00000000
73.32574000	88.00000000
76.21241000	89.00000000
78.06311000	90.00000000
75.37701000	91.00000000
87.54449000	92.00000000
89.50588000	93.00000000
95.82098000	94.00000000
97.48390000	95.00000000
100.86070000	96.00000000
102.48510000	97.00000000
105.73110000	98.00000000
111.34890000	99.00000000
111.03050000	100.00000000
110.19200000	101.00000000
118.35810000	102.00000000
118.80860000	103.00000000
122.42490000	104.00000000
124.09530000	105.00000000
125.93370000	106.00000000
127.85330000	107.00000000
131.03610000	108.00000000
133.33430000	109.00000000
135.12780000	110.00000000
131.71130000	111.00000000
131.91510000	112.00000000
132.11070000	113.00000000
127.68980000	114.00000000
133.21480000	115.00000000
128.22960000	116.00000000
133.59020000	117.00000000
127.25390000	118.00000000
128.34820000	119.00000000
124.86940000	120.00000000
124.60310000	121.00000000
117.06480000	122.00000000
118.19660000	123.00000000
119.54080000	124.00000000
114.79460000	125.00000000
114.27800000	126.00000000
120.34840000	127.00000000
114.86470000	128.00000000
111.65140000	129.00000000
110.18260000	130.00000000
108.44610000	131.00000000
109.05710000	132.00000000
106.53080000	133.00000000
109.46910000	134.00000000
106.87090000	135.00000000
107.31920000	136.00000000
106.90000000	137.00000000
109.65260000	138.00000000
107.16020000	139.00000000
108.25090000	140.00000000
104.96310000	141.00000000
109.36010000	142.00000000
107.66960000	143.00000000
99.77286000	144.00000000
104.96440000	145.00000000
106.13760000	146.00000000
106.58160000	147.00000000
100.12860000	148.00000000
101.66910000	149.00000000
96.44254000	150.00000000
97.34169000	151.00000000
96.97412000	152.00000000
90.73460000	153.00000000
93.37949000	154.00000000
82.12331000	155.00000000
83.01657000	156.00000000
78.87360000	157.00000000
74.86971000	158.00000000
72.79341000	159.00000000
65.14744000	160.00000000
67.02127000	161.00000000
60.16136000	162.00000000
57.13996000	163.00000000
54.05769000	164.00000000
50.42265000	165.00000000
47.82430000	166.00000000
42.85748000	167.00000000
42.45495000	168.00000000
38.30808000	169.00000000
36.95794000	170.00000000
33.94543000	171.00000000
34.19017000	172.00000000
31.66097000	173.00000000
23.56172000	174.00000000
29.61143000	175.00000000
23.88765000	176.00000000
22.49812000	177.00000000
24.86901000	178.00000000
17.29481000	179.00000000
18.09291000	180.00000000
15.34813000	181.00000000
14.77997000	182.00000000
13.87832000	183.00000000
12.88891000	184.00000000
16.20763000	185.00000000
16.29024000	186.00000000
15.29712000	187.00000000
14.97839000	188.00000000
12.11330000	189.00000000
14.24168000	190.00000000
12.53824000	191.00000000
15.19818000	192.00000000
11.70478000	193.00000000
15.83745000	194.00000000
10.03585000	195.00000000
9.30757400	196.00000000
12.86800000	197.00000000
8.57167100	198.00000000
11.60415000	199.00000000
12.42772000	200.00000000
11.23627000	201.00000000
11.13198000	202.00000000
7.76111700	203.00000000
6.75825000	204.00000000
14.23375000	205.00000000
10.63876000	206.00000000
8.89358100	207.00000000
11.55398000	208.00000000
11.57221000	209.00000000
11.58347000	210.00000000
9.72485700	211.00000000
11.43854000	212.00000000
11.22636000	213.00000000
10.17015000	214.00000000
12.50765000	215.00000000
6.20049400	216.00000000
9.01890200	217.00000000
10.80557000	218.00000000
13.09591000	219.00000000
3.91403300	220.00000000
9.56772300	221.00000000
8.03833800	222.00000000
10.23096000	223.00000000
9.36735800	224.00000000
7.69593700	225.00000000
6.11855200	226.00000000
8.79319200	227.00000000
7.79668200	228.00000000
12.45064000	229.00000000
10.61601000	230.00000000
6.00100000	231.00000000
6.76509600	232.00000000
8.76465200	233.00000000
4.58641700	234.00000000
8.39078200	235.00000000
7.20920100	236.00000000
10.01209000	237.00000000
7.32746100	238.00000000
6.52513600	239.00000000
2.84006500	240.00000000
10.32371000	241.00000000
4.79003500	242.00000000
8.37643100	243.00000000
6.26398000	244.00000000
2.70589200	245.00000000
8.36210900	246.00000000
8.98350700	247.00000000
3.36246900	248.00000000
1.18267800	249.00000000
4.87531200	250.00000000
