0.00000000
0.00182756
0.00570584
-0.00730982
-0.00378194
0.01937382
-0.01409984
-0.02532964
0.04178231
0.00637582
-0.07226388
0.04675743
0.07279078
-0.12475851
-0.02337494
0.20267927
-0.11924767
-0.20974988
0.32804637
0.06147490
-0.52394888
0.30406403
0.58007498
-0.98735686
-0.09385884
2.00674320
-2.75617090
1.13385490
1.70809430
-3.28367740
2.35656360
-0.03243076
-1.65388590
1.71412230
-0.52615293
-1.29791710
3.35532380
-4.88128050
4.63276350
-2.25047300
-0.66015249
1.84973480
-1.01061220
0.32198868
-1.68181260
3.93584680
-3.92414900
0.47817550
3.55724610
-4.15810890
0.77612774
2.90560140
-3.00687370
-0.32350612
3.42264680
-3.43478860
1.11132750
0.78381152
-1.00139270
0.77639793
-1.58057520
2.97970220
-3.27348070
1.68773760
0.82692910
-2.92447700
4.16061700
-4.73317340
4.47989070
-3.07333430
1.03248700
0.17039770
0.46229271
-2.20714160
3.33339910
-3.01343370
2.05614110
-1.56434110
1.36362350
-0.35316444
-1.68340250
3.30827690
-2.93688270
0.83972133
0.78737410
-0.08455434
-2.52268660
4.72891580
-4.66747950
2.56513130
-0.15668626
-1.12773020
1.19558240
-0.72109236
0.16682363
0.38828762
-0.67856428
0.14610092
1.25816410
-2.45599050
2.06101560
0.10535169
-2.41371260
3.00037270
-1.84973960
0.52018711
-0.89426279
2.25589170
-2.50926460
1.20689360
1.01012300
-1.27679340
-0.55183085
2.67027430
-3.46048110
0.91053821
1.15978500
-1.25136990
-0.16196258
3.29647940
-4.03871310
2.24898080
1.51912770
-3.44038400
1.55358320
0.58954521
-4.79822800
5.03765870
-1.74021330
1.12781430
0.00575891
1.16369860
-0.61771712
-1.28730880
0.64557854
-1.11082250
-2.62093910
3.71160640
-0.35211991
-1.34635740
3.66486740
-0.95951372
-0.52828491
0.73046748
-1.03340990
-4.69212580
3.51452530
-0.83669265
0.74391572
2.37296150
0.25249108
-2.50385180
3.00537420
-1.10270530
-3.34322340
1.63125530
-0.23413072
-3.18085730
5.88213730
-1.97133700
0.09015993
1.60502280
-0.11689336
-1.84848920
-0.06068768
-0.51662624
-0.84012066
0.70953623
1.79139640
-1.32239180
1.17598930
-0.56915948
0.98490632
-0.69005249
-0.54856992
0.05344121
-1.55105480
1.86300640
-1.30651710
1.65374300
0.17528838
-1.89757280
2.94548700
-1.78947700
-1.56593040
3.59291870
-3.93288530
2.01162300
-0.00617344
0.14979105
-1.33149510
2.15325750
-1.39668490
0.27996403
-0.43543821
1.69814610
-2.72991210
2.25730620
-0.95813563
0.40152609
-1.01169100
1.74324640
-1.62429950
0.96263206
-0.52015228
0.11031113
1.13951770
-3.03199430
3.87370070
-2.34507450
-0.58090486
2.33374470
-1.46295220
-0.72453663
1.66376790
-0.17231554
-2.57741570
4.40608970
-4.08725180
2.13188730
-0.08325749
-0.57997167
-0.62356067
2.80986630
-4.28594870
3.96468230
-2.47877560
1.68733100
-2.64598810
4.21619520
-4.03041370
1.12622870
2.62080730
-4.12589480
2.24689220
0.79902614
-1.68632500
-0.51504357
3.24975020
-3.16113880
-0.28133656
4.13721450
-4.99833320
2.36931960
0.94370785
-1.81917200
-0.31437039
3.25338720
-4.42152580
3.30082620
-1.57967020
1.20732790
-2.32134190
3.15220920
-2.05274750
-0.47163614
