0.00000000
0.00000000
0.00000000
0.00000000
0.00000000
0.00000000
0.00000000
0.00000000
0.00000000
0.00000000
0.00000000
0.00000000
0.00000000
0.00000000
0.00000000
0.00000000
0.00000000
0.00000000
0.00000000
0.00000000
0.00000000
0.00000000
0.00000000
0.00000000
0.00000000
0.00000000
0.00000000
0.00000000
0.00000000
0.00000000
0.00000000
0.00000000
0.00000000
0.00000000
0.00000000
0.00000000
0.00000000
0.00000000
0.00000000
0.00000000
0.00000000
0.00000000
0.00000000
0.00000000
0.00000000
0.00000000
0.00000000
0.00000000
0.00000000
0.00000000
0.00000000
0.00000000
0.00000000
0.00000000
0.00000000
0.00000000
0.00000000
0.00000000
0.00000000
0.00000000
0.00000000
0.00000000
0.00000000
0.00000000
0.00000000
0.00000000
0.00000000
0.00000000
0.00000000
0.00000000
0.00000000
0.00000000
0.00000000
0.00000000
0.00000000
0.00000000
0.00000000
0.00000000
0.00000000
0.00000000
0.00000000
0.00000000
0.00000000
0.00000000
0.00000000
0.00000000
0.00000000
0.00000000
0.00000000
0.00000000
0.00000000
0.00000000
0.00000000
0.00000000
0.00000000
0.00000000
0.00000000
0.00000000
0.00000000
0.00078076
0.00056364
0.00013746
0.00021722
-0.01036599
-0.03769021
-0.05455688
-0.02207366
0.05001936
0.09967544
0.09168118
0.06295594
0.04773453
-0.00372003
-0.14998023
-0.30531752
-0.27193636
0.00457859
0.29426032
0.32247738
0.12681006
0.01987567
0.14305622
0.21784924
-0.08861414
-0.62419828
-0.81608138
-0.35236157
0.38913731
0.76569006
0.61109719
0.31594306
0.18596012
0.02820279
-0.43484641
-0.96032014
-0.95434144
-0.26515207
0.52392738
0.78657467
0.60429178
0.51200699
0.60037001
0.31650057
-0.64904525
-1.62441070
-1.54978050
-0.28380938
1.08805800
1.43765810
0.80703926
0.14551219
0.01573634
0.01393855
-0.42362505
-1.06302650
-1.12200620
-0.34448229
0.61045276
0.97385874
0.73059831
0.41541668
0.26406548
-0.01743089
-0.60038233
-1.05169540
-0.81091099
0.01187969
0.66712464
0.64105089
0.22166492
0.03061895
0.19455386
0.26186143
-0.09421231
-0.58710792
-0.67891903
-0.25909284
0.25260053
0.43803595
0.30740933
0.13935852
0.07167153
0.00945771
-0.12624019
-0.23989553
-0.20367150
-0.04793095
0.07940061
0.09870553
0.06184988
0.04195290
0.03847038
0.01538965
-0.02301227
-0.03974891
-0.02415252
-0.00247910
0.00421458
0.00139084
0.00000000
0.00000000
0.00000000
0.00000000
0.00000000
0.00000000
0.00000000
0.00000000
0.00000000
0.00000000
0.00000000
0.00000000
0.00000000
0.00000000
0.00000000
0.00000000
0.00000000
0.00000000
0.00000000
0.00000000
0.00000000
0.00000000
0.00000000
0.00000000
0.00000000
0.00000000
0.00000000
0.00000000
0.00000000
0.00000000
0.00000000
0.00000000
0.00000000
0.00000000
0.00000000
0.00000000
0.00000000
0.00000000
0.00000000
0.00000000
0.00000000
0.00000000
0.00000000
0.00000000
0.00000000
0.00000000
0.00000000
0.00000000
0.00000000
0.00000000
0.00000000
0.00000000
0.00000000
0.00000000
0.00000000
0.00000000
0.00000000
