1	0.11632593409149	-0.21040781202986	-18.68646902835	-18.686469028407	0	
1.2589254117942	0.18327730894432	-0.26453236731354	-14.737826010115	-14.737826010369	0.1	
1.5848931924611	0.28776979213571	-0.3323124572263	-10.81909593817	-10.819095938728	0.2	
1.9952623149689	0.44938947964669	-0.41691750571646	-6.9475419754481	-6.9475419764643	0.3	
2.5118864315096	0.69582020861807	-0.52195811250273	-3.1500592449141	-3.1500592466028	0.4	
3.1622776601684	1.0631829437423	-0.65120892865066	0.53216001523936	0.53216001260992	0.5	
3.981071705535	1.591873558176	-0.80789640917174	4.0381713789974	4.038171375149	0.6	
5.0118723362727	2.313062930091	-0.9932595582773	7.2837489703235	7.2837489650832	0.7	
6.3095734448019	3.2235308890031	-1.2043249890154	10.166636722581	10.166636716062	0.8	
7.9432823472428	4.2607112150928	-1.4318316080455	12.589641986793	12.589641979525	0.9	
10	5.3087200251412	-1.6605765261126	14.499796436593	14.499796429404	1	
12.589254117942	6.2501578193653	-1.8735954419981	15.917819672367	15.917819666019	1.1	
15.848931924611	7.022742816448	-2.057655963146	16.930135283625	16.930135278526	1.2	
19.952623149689	7.6317747581135	-2.2059266663997	17.65251088499	17.652510881176	1.3	
25.118864315096	8.126092745265	-2.3171479331161	18.19763549475	18.197635492056	1.4	
31.622776601684	8.5721467222914	-2.3935881008627	18.661791917802	18.661791916016	1.5	
39.81071705535	9.0412916670111	-2.4396027227311	19.124609591328	19.124609590275	1.6	
50.118723362727	9.6066348884542	-2.4611575470132	19.651425702775	19.651425702334	1.7	
63.095734448019	10.341601109313	-2.4658672584889	20.291755647709	20.291755647798	1.8	
79.432823472428	11.314232742436	-2.4628435083548	21.07250216533	21.072502165874	1.9	
100	12.574266209882	-2.4617729552321	21.989653011263	21.989653012167	2	
125.89254117942	14.133986108424	-2.4712039558536	23.005293202659	23.005293203798	2.1	
158.48931924611	15.948955176124	-2.4966902302956	24.054644749611	24.054644750846	2.2	
199.52623149689	17.910172252874	-2.5396351333963	25.061995254795	25.061995255991	2.3	
251.18864315096	19.860767909758	-2.5973375282363	25.959920726614	25.959920727669	2.4	
316.22776601684	21.639435429661	-2.6642436676664	26.704918517802	26.704918518661	2.5	
398.1071705535	23.130495915429	-2.733909579291	27.28369888198	27.283698882632	2.6	
501.18723362727	24.290316921969	-2.800817037188	27.708663623863	27.708663624332	2.7	
630.95734448019	25.138791414176	-2.8613422546845	28.006887889615	28.006887889938	2.8	
794.32823472428	25.731102984767	-2.9137931466123	28.209168059948	28.209168060164	2.9	
1000	26.130870229925	-2.957913702788	28.343077463403	28.343077463544	3	
1258.9254117942	26.394471532143	-2.9942905508046	28.430259420339	28.430259420429	3.1	
1584.8931924611	26.56559640798	-3.0238903105684	28.486391408707	28.486391408764	3.2	
1995.2623149689	26.675556506626	-3.0477722882742	28.52226976923	28.522269769265	3.3	
2511.8864315096	26.745747645156	-3.0669388407596	28.545094851596	28.545094851617	3.4	
3162.2776601684	26.790363159964	-3.0822721997013	28.559572015575	28.559572015588	3.5	
3981.071705535	26.818645364864	-3.0945184192424	28.568736748893	28.5687367489	3.6	
5011.8723362727	26.836542794071	-3.1042939626273	28.57453134606	28.574531346064	3.7	
6309.5734448019	26.847855991974	-3.1121014102391	28.578192193238	28.578192193239	3.8	
7943.2823472428	26.855001874666	-3.118347477889	28.580503740566	28.580503740566	3.9	
10000	26.859512886348	-3.1233602395121	28.581962644175	28.581962644174	4	
12589.254117942	26.862358743742	-3.1274043578897	28.582882895183	28.582882895182	4.1	
15848.931924611	26.864152137416	-3.1306940506464	28.583462766062	28.58346276606	4.2	
19952.623149689	26.865279539208	-3.1334039309271	28.583827277178	28.583827277175	4.3	
25118.864315096	26.86598404723	-3.1356780213464	28.584055050676	28.584055050673	4.4	
31622.776601684	26.866417629519	-3.1376372807421	28.584195228587	28.584195228584	4.5	
39810.71705535	26.866673835115	-3.139385973866	28.58427805924	28.584278059237	4.6	
50118.723362727	26.866807950356	-3.1410171876611	28.58432141806	28.584321418057	4.7	
63095.73444802	26.866848918108	3.1405675372308	28.584334662696	28.584334662694	4.8	
79432.823472428	26.866805579659	3.1389123628422	28.584320651627	28.584320651624	4.9	
100000	26.866668581633	3.1371144650624	28.58427636081	28.584276360807	5	
125892.54117942	26.866408358208	3.1350781179484	28.584192231179	28.584192231177	5.1	
158489.31924611	26.865968754105	3.1326949124184	28.58405010634	28.584050106338	5.2	
199526.23149689	26.865254916269	3.1298379998591	28.583819316262	28.583819316259	5.3	
251188.64315096	26.864112852274	3.1263553696142	28.583450064129	28.583450064126	5.4	
316227.76601684	26.862296272691	3.122061818523	28.582862695271	28.582862695269	5.5	
398107.1705535	26.859413634573	3.1167292169148	28.581930547854	28.58193054785	5.6	
501187.23362727	26.854844141566	3.1100746163021	28.580452723764	28.580452723759	5.7	
630957.3444802	26.847605035992	3.1017456921357	28.578111002913	28.57811100291	5.8	
794328.23472428	26.836142705559	3.0913029976378	28.574401852832	28.574401852829	5.9	
1000000	26.818005430157	3.0781985809855	28.568529487546	28.568529487545	6	
1258925.4117942	26.789334382451	3.0617508070078	28.559238462071	28.559238462069	6.1	
1584893.1924611	26.74408094844	3.0411159581921	28.544553562004	28.544553561995	6.2	
1995262.3149689	26.672825377571	3.0152588033246	28.521380434456	28.521380434434	6.3	
2511886.4315096	26.561047925232	2.9829275768642	28.484904109076	28.484904109047	6.4	
3162277.6601684	26.38672983368	2.9426448997062	28.427711409411	28.427711409399	6.5	
3981071.705535	26.117335839734	2.8927365299995	28.338577472648	28.338577472618	6.6	
5011872.3362727	25.706745112964	2.8314348952495	28.200941829266	28.200941829207	6.7	
6309573.444802	25.093821391697	2.7571095863305	27.991336050489	27.991336050367	6.8	
7943282.3472429	24.206099932604	2.6686746087758	27.678496437995	27.678496437711	6.9	
10000000	22.973463703599	2.5661636394092	27.224529572125	27.224529571816	7	
12589254.117942	21.354382059893	2.45131026297	26.589740171907	26.589740171637	7.1	
15848931.924611	19.36747122374	2.3277673966765	25.741458387258	25.741458386828	7.2	
19952623.149689	17.107979902175	2.2005785817945	24.663974627838	24.663974626669	7.3	
25118864.315096	14.729833525393	2.0749111157965	23.363956770645	23.363956770474	7.4	
31622776.601684	12.398708869326	1.954644983921	21.867529251435	21.867529250962	7.5	
39810717.05535	10.24582251454	1.8415366824142	20.210936568922	20.210936568566	7.6	
50118723.362727	8.3467677086058	1.7351876642584	18.430366544196	18.430366545327	7.7	
63095734.44802	6.7259007166936	1.6335266614227	16.55500904515	16.555009045355	7.8	
79432823.472429	5.3727366907504	1.5334077338466	14.603911140217	14.603911142058	7.9	
100000000	4.2585282327526	1.4311102460298	12.58519061664	12.58519062039	8	
125892541.17942	3.3481572833252	1.3227279424928	10.496117025109	10.496117029341	8.1	
158489319.24611	2.6071821885341	1.2045396294083	8.3234276100209	8.3234276188145	8.2	
199526231.49689	2.0054658137672	1.0734677164627	6.0443052633386	6.0443052779315	8.3	
251188643.15096	1.5186945014908	0.9276579362616	3.6294084112866	3.6294084329117	8.4	
316227766.01684	1.1284509369921	0.76704288322378	1.0496536296967	1.0496536616819	8.5	
398107170.5535	0.82101675280544	0.59355164315931	-1.7129596206628	-1.7129595744299	8.6	
501187233.62728	0.58521995115405	0.4106399311915	-4.6536175289793	-4.6536174598146	8.7	
630957344.4802	0.41029893940646	0.2222520725584	-7.737992113039	-7.7379920128979	8.8	
794328234.72429	0.28494348396502	0.031887939705512	-10.904825398852	-10.904825259716	8.9	
1000000000	0.19776839002284	-0.15755179701577	-14.076862438366	-14.076862247161	9	
