 1.572322E-02	 1.303561E-09
 .0160563	 1.303496E-09
 1.638938E-02	 1.303434E-09
 1.672246E-02	 1.30337E-09
 1.705865E-02	 1.310156E-09
 1.739795E-02	 1.323905E-09
 1.774035E-02	 1.344828E-09
 1.807964E-02	 1.358937E-09
 1.841583E-02	 1.366013E-09
 1.875202E-02	 1.373127E-09
 1.910374E-02	 1.416941E-09
 1.946789E-02	 1.493144E-09
 1.984758E-02	 1.615237E-09
 2.018066E-02	 1.615157E-09
 2.051063E-02	 1.606631E-09
 2.084682E-02	 1.615E-09
 2.118301E-02	 1.62341E-09
 2.154095E-02	 1.692867E-09
 2.188024E-02	 1.710631E-09
 2.221643E-02	 1.719539E-09
 2.256194E-02	 1.755897E-09
 2.291056E-02	 1.80245E-09
 2.324985E-02	 1.821361E-09
 2.360158E-02	 1.879478E-09
 2.396262E-02	 1.970194E-09
 2.431124E-02	 2.022429E-09
 2.466917E-02	 2.108962E-09
 2.500536E-02	 2.119944E-09
 2.533844E-02	 2.119839E-09
 2.567774E-02	 2.14208E-09
 2.602635E-02	 2.198871E-09
 2.637808E-02	 2.269034E-09
 2.672048E-02	 2.304894E-09
 2.705667E-02	 2.3169E-09
 2.741771E-02	 2.42873E-09
 2.776943E-02	 2.506227E-09
 2.810252E-02	 2.506103E-09
 2.844181E-02	 2.532396E-09
 2.879353E-02	 2.613202E-09
 2.912972E-02	 2.626809E-09
 2.948144E-02	 2.710628E-09
 2.981453E-02	 2.710498E-09
 3.014761E-02	 2.710364E-09
 3.052418E-02	 2.916656E-09
 3.086969E-02	 2.978326E-09
 .0312121	 3.025395E-09
 3.154518E-02	 3.025245E-09
 3.190001E-02	 3.138188E-09
 .0322362	 3.154529E-09
 3.257238E-02	 3.170961E-09
 3.290857E-02	 3.187473E-09
 3.323855E-02	 3.170647E-09
 3.357163E-02	 3.170496E-09
 3.397927E-02	 3.595467E-09
 3.432168E-02	 3.652289E-09
 3.465476E-02	 3.652108E-09
 3.498474E-02	 3.632836E-09
 3.531782E-02	 3.632656E-09
 3.568818E-02	 3.868365E-09
 3.602748E-02	 3.908951E-09
 3.637299E-02	 3.991602E-09
 3.671539E-02	 4.054685E-09
 3.705158E-02	 4.075806E-09
 3.740019E-02	 4.183865E-09
 3.773949E-02	 4.227761E-09
 .038085	 4.317153E-09
 3.842119E-02	 4.339633E-09
 3.876048E-02	 4.385163E-09
 3.913084E-02	 4.669701E-09
 3.947635E-02	 4.768437E-09
 3.982497E-02	 4.894859E-09
 4.016116E-02	 4.920348E-09
 4.050045E-02	 4.97198E-09
 4.083975E-02	 5.024144E-09
 4.119769E-02	 5.239102E-09
 4.153698E-02	 5.294079E-09
 4.187628E-02	 5.349623E-09
 4.221247E-02	 5.377479E-09
 4.254866E-02	 5.405481E-09
 4.288485E-02	 5.433639E-09
 4.323346E-02	 5.577686E-09
 4.357897E-02	 5.695621E-09
 4.392137E-02	 5.785634E-09
 4.426067E-02	 5.846346E-09
 4.460618E-02	 5.969961E-09
 4.494858E-02	 6.06431E-09
 4.529409E-02	 6.192534E-09
 4.570794E-02	 7.096607E-09
 4.603792E-02	 7.059145E-09
 .046371	 7.058795E-09
 4.672273E-02	 7.284032E-09
 4.707134E-02	 7.477149E-09
 4.741064E-02	 7.555596E-09
 4.774683E-02	 7.59494E-09
 4.807991E-02	 7.594577E-09
 4.842542E-02	 7.755158E-09
 4.876161E-02	 7.795541E-09
 .0490978	 7.836134E-09
 4.943709E-02	 7.918363E-09
 .0497826	 8.085789E-09
 .050125	 8.213576E-09
 5.045808E-02	 8.213169E-09
 5.079738E-02	 8.299339E-09
 5.113978E-02	 8.430501E-09
 5.148529E-02	 8.608755E-09
 5.182148E-02	 8.653584E-09
 5.216078E-02	 8.74439E-09
 5.250318E-02	 8.882586E-09
 5.283937E-02	 8.928839E-09
 5.317556E-02	 8.975334E-09
 5.350864E-02	 8.974906E-09
 5.387279E-02	 9.457556E-09
 5.420276E-02	 9.40763E-09
 5.452963E-02	 9.309048E-09
 5.486272E-02	 9.308586E-09
 .0551958	 9.308142E-09
 5.552888E-02	 9.307681E-09
 5.586507E-02	 9.356148E-09
 5.621058E-02	 9.553975E-09
 5.654987E-02	 9.654212E-09
 5.689538E-02	 9.858341E-09
 5.722846E-02	 9.857871E-09
 5.756155E-02	 9.857382E-09
 5.791948E-02	 1.027915E-08
 5.826189E-02	 1.04416E-08
 5.859808E-02	 1.049597E-08
 5.894048E-02	 1.066185E-08
 5.927667E-02	 1.071737E-08
 5.961907E-02	 1.088676E-08
 5.995526E-02	 1.094345E-08
 6.028834E-02	 1.094291E-08
 6.063695E-02	 1.123303E-08
 6.097625E-02	 1.135089E-08
 6.132176E-02	 1.159089E-08
 6.165795E-02	 1.165125E-08
 6.200035E-02	 1.18354E-08
 6.233964E-02	 1.195958E-08
 6.267273E-02	 1.195898E-08
 6.300892E-02	 1.202126E-08
 6.337617E-02	 1.273435E-08
 6.371857E-02	 1.29356E-08
 6.407962E-02	 1.355996E-08
 6.441581E-02	 1.363057E-08
 .064752	 1.370158E-08
 6.508508E-02	 1.37009E-08
 6.543059E-02	 1.399059E-08
 6.576367E-02	 1.39899E-08
 6.610918E-02	 1.42857E-08
 6.644847E-02	 1.443561E-08
 6.679088E-02	 1.466375E-08
 6.712396E-02	 1.466302E-08
 6.746015E-02	 1.473937E-08
 6.779944E-02	 1.489401E-08
 6.813253E-02	 1.48933E-08
 6.847182E-02	 1.504956E-08
 6.882044E-02	 1.544856E-08
 6.915352E-02	 1.544779E-08
 6.950524E-02	 1.594071E-08
 6.983832E-02	 1.593992E-08
 7.017452E-02	 1.602295E-08
 7.051691E-02	 1.627618E-08
 7.085932E-02	 1.653341E-08
 7.120793E-02	 1.697174E-08
 7.154723E-02	 1.714981E-08
 7.189585E-02	 1.760449E-08
 7.222582E-02	 1.751155E-08
 7.255269E-02	 1.732805E-08
 7.288267E-02	 1.723658E-08
 7.321575E-02	 1.723575E-08
 7.354572E-02	 1.714477E-08
 7.387881E-02	 1.714392E-08
 7.422121E-02	 1.741486E-08
 7.455739E-02	 1.750558E-08
 7.489359E-02	 1.759673E-08
 7.523599E-02	 1.787483E-08
 7.557218E-02	 1.796791E-08
 7.591458E-02	 1.825187E-08
 7.624766E-02	 1.8251E-08
 7.659006E-02	 1.853944E-08
 7.692625E-02	 1.863597E-08
 7.726555E-02	 1.88315E-08
 7.760174E-02	 1.892959E-08
 7.794724E-02	 1.932984E-08
 7.828344E-02	 1.94305E-08
 7.862273E-02	 1.963435E-08
 7.896203E-02	 1.984035E-08
 7.930443E-02	 2.015391E-08
 7.964683E-02	 2.047242E-08
 7.998923E-02	 2.079596E-08
 8.032232E-02	 2.079497E-08
 8.072685E-02	 2.345899E-08
 8.105372E-02	 2.321311E-08
 .0813868	 2.321201E-08
 8.171989E-02	 2.321086E-08
 8.205918E-02	 2.345438E-08
 8.239537E-02	 2.357655E-08
 8.273467E-02	 2.382391E-08
 8.307086E-02	 2.394797E-08
 8.341326E-02	 2.432644E-08
 8.375566E-02	 2.471089E-08
 8.409806E-02	 2.510142E-08
 8.443426E-02	 2.523218E-08
 8.477044E-02	 2.536357E-08
 8.511595E-02	 2.589985E-08
 8.545214E-02	 2.603472E-08
 8.579765E-02	 2.65852E-08
 8.613073E-02	 2.658388E-08
 8.647314E-02	 2.700401E-08
 8.681243E-02	 2.728738E-08
 8.715793E-02	 2.786435E-08
 8.749413E-02	 2.800944E-08
 8.783342E-02	 2.830331E-08
 8.817583E-02	 2.875061E-08
 8.851822E-02	 2.920498E-08
 8.885442E-02	 2.935706E-08
 .0891906	 2.950998E-08
 .0895299	 2.981959E-08
 8.987851E-02	 3.061018E-08
 9.021471E-02	 3.076957E-08
 9.055089E-02	 3.092979E-08
 9.089019E-02	 3.12543E-08
 9.122948E-02	 3.158227E-08
 9.156568E-02	 3.174673E-08
 9.190186E-02	 3.191204E-08
 9.224116E-02	 3.224685E-08
 9.258045E-02	 3.258523E-08
 9.291665E-02	 3.275491E-08
 9.324973E-02	 3.275329E-08
 .0935766	 3.241007E-08
 9.388483E-02	 3.107722E-08
 9.422412E-02	 3.140327E-08
 9.456342E-02	 3.173274E-08
 .0948965	 3.173123E-08
 9.523579E-02	 3.206414E-08
 9.557509E-02	 3.240055E-08
 9.591749E-02	 3.29126E-08
 9.625368E-02	 3.308399E-08
 9.658987E-02	 3.325626E-08
 9.692295E-02	 3.325468E-08
 9.726536E-02	 3.378023E-08
 9.760154E-02	 3.395613E-08
 9.794084E-02	 3.431239E-08
 9.827702E-02	 3.449113E-08
 9.861943E-02	 3.503622E-08
 9.895251E-02	 3.503448E-08
 9.929181E-02	 3.540205E-08
 .0996311	 3.577348E-08
 9.997351E-02	 3.633884E-08
 .1003097	 3.652813E-08
 .1006459	 3.671834E-08
 .1009883	 3.729864E-08
 .1013245	 3.749286E-08
 .1016669	 3.808539E-08
 .1020062	 3.848504E-08
 .1023424	 3.868544E-08
 .1026786	 3.888689E-08
 .1030178	 3.929487E-08
 .103354	 3.949957E-08
 .1036902	 3.970525E-08
 .1040326	 4.033275E-08
 .1043688	 4.054277E-08
 .1047081	 4.096813E-08
 .1050474	 4.139796E-08
 .1053836	 4.16136E-08
 .1057198	 4.183029E-08
 .1060498	 4.160947E-08
 .1063984	 4.271264E-08
 .1067377	 4.316085E-08
 .1070801	 4.384296E-08
 .1074132	 4.384078E-08
 .1077494	 4.406907E-08
 .1080886	 4.453143E-08
 .1084279	 4.499872E-08
 .1087703	 4.570988E-08
 .1091034	 4.570761E-08
 .1094365	 4.570535E-08
 .1097758	 4.618496E-08
 .1101151	 4.666952E-08
 .1104482	 4.66672E-08
 .1107937	 4.765393E-08
 .1111299	 4.790208E-08
 .1114661	 4.815161E-08
 .1118116	 4.916973E-08
 .1121447	 4.916729E-08
 .1124746	 4.890774E-08
 .1128232	 5.02044E-08
 .1131625	 5.073112E-08
 .1134987	 5.099539E-08
 .1138287	 5.072619E-08
 .1141773	 5.207106E-08
 .1145073	 5.179618E-08
 .1148404	 5.179371E-08
 .1151828	 5.261225E-08
 .1155252	 5.344373E-08
 .1158614	 5.372202E-08
 .1162007	 5.428566E-08
 .1165369	 5.456844E-08
 .1168699	 5.456573E-08
 .1171999	 5.427768E-08
 .1175485	 5.571671E-08
 .1178816	 5.571405E-08
 .1182178	 5.600417E-08
 .1185664	 5.748896E-08
 .1189026	 5.778832E-08
 .1192419	 5.839462E-08
 .1195843	 5.931748E-08
 .1199236	 5.993994E-08
 .1202598	 6.025206E-08
 .120596	 6.05658E-08
 .1209322	 6.088118E-08
 .1212715	 6.152004E-08
 .1216045	 6.151699E-08
 .121947	 6.24892E-08
 .12228	 6.24861E-08
 .1226162	 6.28116E-08
 .1229586	 6.380426E-08
 .1232979	 6.447368E-08
 .1236403	 6.549261E-08
 .1239796	 6.617974E-08
 .1243189	 6.687408E-08
 .124652	 6.687089E-08
 .1249882	 6.72191E-08
 .1253275	 6.792434E-08
 .1256637	 6.827804E-08
 .1259999	 6.863371E-08
 .1263329	 6.863031E-08
 .1267095	 7.385391E-08
 .1270457	 7.423848E-08
 .1273788	 7.423494E-08
 .127715	 7.46215E-08
 .1280481	 7.46178E-08
 .1283811	 7.461424E-08
 .1287111	 7.422036E-08
 .1290473	 7.460684E-08
 .1293835	 7.499548E-08
 .1297166	 7.499176E-08
 .1300528	 7.538226E-08
 .130389	 7.577479E-08
 .1307314	 7.697248E-08
 .1310675	 7.737329E-08
 .1314068	 7.818506E-08
 .1317461	 7.900535E-08
 .1320823	 7.941675E-08
 .1324185	 7.983044E-08
 .132764	 8.151838E-08
 .1331033	 8.237365E-08
 .1334395	 8.280259E-08
 .1337757	 8.323376E-08
 .1341212	 8.499365E-08
 .1344543	 8.49896E-08
 .1347905	 8.543216E-08
 .1351236	 8.542793E-08
 .135466	 8.677802E-08
 .1357991	 8.677388E-08
 .1361446	 8.860863E-08
 .1364776	 8.860424E-08
 .1368169	 8.953384E-08
 .1371562	 9.04732E-08
 .1374924	 9.094449E-08
 .1378317	 9.189865E-08
 .1381679	 9.237719E-08
 .1385072	 9.334638E-08
 .1388434	 9.383263E-08
 .1391796	 9.432124E-08
 .1395158	 9.481239E-08
 .1398551	 9.580713E-08
 .1401944	 9.681231E-08
 .1405274	 9.680769E-08
 .1408605	 9.680289E-08
 .141206	 9.88497E-08
 .1415453	 9.988679E-08
 .1418784	 9.988203E-08
 .1422146	 1.004021E-07
 .142557	 1.019889E-07
 .1428901	 1.019838E-07
 .1432232	 1.01979E-07
 .1435625	 1.030489E-07
 .143908	 1.052278E-07
 .1442442	 1.057757E-07
 .1445772	 1.057705E-07
 .1449103	 1.057654E-07
 .1452558	 1.080017E-07
 .1455951	 1.091348E-07
 .1459344	 1.102798E-07
 .1462675	 1.102746E-07
 .1466006	 1.102691E-07
 .1469368	 1.108433E-07
 .1472761	 1.120063E-07
 .1476123	 1.125896E-07
 .1479485	 1.13176E-07
 .1482815	 1.131704E-07
 .1486115	 1.125731E-07
 .1489446	 1.125676E-07
 .1493025	 1.173839E-07
 .1496387	 1.179952E-07
 .1499749	 1.186097E-07
 .1503173	 1.204842E-07
 .1506566	 1.217484E-07
 .1509928	 1.223823E-07
 .1513352	 1.243166E-07
 .1516714	 1.249639E-07
 .1520169	 1.276062E-07
 .15235	 1.276E-07
 .1526862	 1.282644E-07
 .1530223	 1.289324E-07
 .1533554	 1.28926E-07
 .1536978	 1.309637E-07
 .154034	 1.316456E-07
 .1543702	 1.323313E-07
 .1547064	 1.330204E-07
 .1550395	 1.330139E-07
 .1553726	 1.330074E-07
 .1557025	 1.323054E-07
 .1560574	 1.372447E-07
 .1563905	 1.37238E-07
 .1567298	 1.386779E-07
 .157069	 1.401329E-07
 .1574083	 1.416032E-07
 .1577414	 1.415962E-07
 .1580745	 1.415893E-07
 .1584107	 1.423267E-07
 .15875	 1.4382E-07
 .1590862	 1.44569E-07
 .1594193	 1.445618E-07
 .1597461	 1.430468E-07
 .1600823	 1.437919E-07
 .1604372	 1.4916E-07
 .1607702	 1.491527E-07
 .1611064	 1.499295E-07
 .1614488	 1.52299E-07
 .1617819	 1.522914E-07
 .1621181	 1.530846E-07
 .1624512	 1.530772E-07
 .1628122	 1.604659E-07
 .1631422	 1.596189E-07
 .1634784	 1.604501E-07
 .1638115	 1.604423E-07
 .1641477	 1.612778E-07
 .1644807	 1.612699E-07
 .1648138	 1.612621E-07
 .1651469	 1.612542E-07
 .16548	 1.612462E-07
 .1658255	 1.646556E-07
 .1661648	 1.663833E-07
 .166501	 1.672497E-07
 .1668403	 1.690044E-07
 .1671734	 1.689962E-07
 .1675095	 1.698764E-07
 .1678488	 1.716587E-07
 .168185	 1.725527E-07
 .1685305	 1.762012E-07
 .1688636	 1.761924E-07
 .1692029	 1.780411E-07
 .1695298	 1.761753E-07
 .1698784	 1.808459E-07
 .1702146	 1.817878E-07
 .1705477	 1.81779E-07
 .1708808	 1.817699E-07
 .1712263	 1.856133E-07
 .1715624	 1.8658E-07
 .1718986	 1.875516E-07
 .1722348	 1.885284E-07
 .1725679	 1.885192E-07
 .1729041	 1.895009E-07
 .1732372	 1.894916E-07
 .1735672	 1.884915E-07
 .1739002	 1.884823E-07
 .1742582	 1.965467E-07
 .1746006	 1.996529E-07
 .1749368	 2.006926E-07
 .175273	 2.017378E-07
 .1756092	 2.027885E-07
 .1759453	 2.038445E-07
 .1762784	 2.038345E-07
 .1766084	 2.027587E-07
 .1769415	 2.027487E-07
 .1772746	 2.027388E-07
 .1776076	 2.027289E-07
 .1779656	 2.114029E-07
 .1783111	 2.158728E-07
 .1786442	 2.158623E-07
 .1789835	 2.18127E-07
 .1793259	 2.215743E-07
 .1796621	 2.227283E-07
 .1799982	 2.238881E-07
 .1803313	 2.238772E-07
 .1806706	 2.26226E-07
 .1810068	 2.274043E-07
 .1813399	 2.273932E-07
 .1816854	 2.322012E-07
 .1820247	 2.346374E-07
 .1823609	 2.358592E-07
 .182694	 2.358478E-07
 .1830302	 2.370761E-07
 .1833632	 2.370643E-07
 .1836994	 2.38299E-07
 .1840325	 2.382874E-07
 .184378	 2.433258E-07
 .1847142	 2.445928E-07
 .1850473	 2.445809E-07
 .1853866	 2.47147E-07
 .1857228	 2.484342E-07
 .1860559	 2.484219E-07
 .1863952	 2.510284E-07
 .1867282	 2.51016E-07
 .1870582	 2.496911E-07
 .1874131	 2.59013E-07
 .1877461	 2.590004E-07
 .1880792	 2.589876E-07
 .1884185	 2.61705E-07
 .1887547	 2.630678E-07
 .1890909	 2.644379E-07
 .1894271	 2.658149E-07
 .1897601	 2.65802E-07
 .1900932	 2.65789E-07
 .1904263	 2.657758E-07
 .1907749	 2.728221E-07
 .1911204	 2.785907E-07
 .1914566	 2.800417E-07
 .1917959	 2.829798E-07
 .1921694	 3.029255E-07
 .1925025	 3.029108E-07
 .1928449	 3.076979E-07
 .1931811	 3.093005E-07
 .1935142	 3.092851E-07
 .1938535	 3.125303E-07
 .1941896	 3.141578E-07
 .1945258	 3.15794E-07
 .194862	 3.174383E-07
 .1952013	 3.207691E-07
 .1955375	 3.224394E-07
 .1958706	 3.224237E-07
 .196213	 3.275193E-07
 .1965523	 3.309555E-07
 .1968823	 3.292088E-07
 .1972153	 3.291927E-07
 .1975515	 3.309069E-07
 .1978908	 3.34379E-07
 .1982301	 3.378872E-07
 .1985632	 3.378708E-07
 .1988994	 3.396301E-07
 .1992325	 3.396136E-07
 .1995718	 3.431767E-07
 .1999048	 3.431601E-07
 .2002379	 3.431434E-07
 .200571	 3.431267E-07
 .2009041	 3.431097E-07
 .2012248	 3.359725E-07
 .2015609	 3.377219E-07
 .2018971	 3.394809E-07
 .2022333	 3.412486E-07
 .2025695	 3.430259E-07
 .2029057	 3.448121E-07
 .2032419	 3.466079E-07
 .2035781	 3.484132E-07
 .2039143	 3.502274E-07
 .2042473	 3.502104E-07
 .2045929	 3.576152E-07
 .204929	 3.594774E-07
 .2052621	 3.594599E-07
 .2055983	 3.613321E-07
 .2059345	 3.632136E-07
 .2062769	 3.689538E-07
 .20661	 3.689358E-07
 .2069493	 3.728066E-07
 .2072855	 3.747483E-07
 .2076217	 3.766996E-07
 .207961	 3.806522E-07
 .208294	 3.806333E-07
 .2086302	 3.826158E-07
 .2089664	 3.846081E-07
 .2092995	 3.845894E-07
 .209645	 3.927212E-07
 .2099998	 4.073829E-07
 .210336	 4.095042E-07
 .2106691	 4.094843E-07
 .2110084	 4.137804E-07
 .2113446	 4.159355E-07
 .2116777	 4.159149E-07
 .2120139	 4.18081E-07
 .212347	 4.180607E-07
 .2126862	 4.224468E-07
 .2130224	 4.24647E-07
 .2133586	 4.268582E-07
 .2136948	 4.290814E-07
 .214031	 4.313157E-07
 .2143734	 4.381322E-07
 .2147096	 4.404141E-07
 .2150427	 4.403922E-07
 .2153789	 4.426859E-07
 .2157151	 4.449915E-07
 .2160419	 4.40328E-07
 .216375	 4.403061E-07
 .2167112	 4.425993E-07
 .2170474	 4.44904E-07
 .2173991	 4.591004E-07
 .2177384	 4.639171E-07
 .2180715	 4.638945E-07
 .2184077	 4.663106E-07
 .218747	 4.71203E-07
 .21908	 4.7118E-07
 .2194131	 4.711567E-07
 .2197462	 4.711337E-07
 .2200855	 4.760767E-07
 .2204248	 4.81072E-07
 .2207641	 4.861193E-07
 .2211003	 4.88651E-07
 .2214396	 4.937778E-07
 .221782	 5.015814E-07
 .2221182	 5.041938E-07
 .2224513	 5.041688E-07
 .2227843	 5.041442E-07
 .2231236	 5.094336E-07
 .2234536	 5.067448E-07
 .2237929	 5.120619E-07
 .2241322	 5.174343E-07
 .2244684	 5.201292E-07
 .2248077	 5.255862E-07
 .2251408	 5.255606E-07
 .225477	 5.282973E-07
 .2258162	 5.338405E-07
 .2261524	 5.366203E-07
 .2264886	 5.394152E-07
 .2268279	 5.450746E-07
 .2271579	 5.421977E-07
 .2274941	 5.45021E-07
 .2278396	 5.56545E-07
 .2281727	 5.565179E-07
 .228512	 5.623567E-07
 .2288482	 5.652856E-07
 .2291844	 5.682291E-07
 .2295174	 5.682015E-07
 .2298567	 5.741634E-07
 .2301929	 5.771532E-07
 .2305291	 5.801591E-07
 .2308653	 5.831802E-07
 .2312015	 5.862174E-07
 .2315377	 5.8927E-07
 .231877	 5.95453E-07
 .2322163	 6.017003E-07
 .2325525	 6.048335E-07
 .2328855	 6.048041E-07
 .2332186	 6.047746E-07
 .2335517	 6.047453E-07
 .233891	 6.1109E-07
 .2342303	 6.175014E-07
 .2345665	 6.207175E-07
 .2348996	 6.206866E-07
 .2352327	 6.206565E-07
 .2355626	 6.173807E-07
 .2359143	 6.370805E-07
 .2362474	 6.370489E-07
 .2365867	 6.437332E-07
 .2369229	 6.470853E-07
 .2372591	 6.504554E-07
 .2375984	 6.572798E-07
 .2379346	 6.60703E-07
 .2382646	 6.572158E-07
 .2386008	 6.606381E-07
 .2389401	 6.675693E-07
 .2392793	 6.745739E-07
 .2396124	 6.745411E-07
 .2399486	 6.780535E-07
 .2402848	 6.81585E-07
 .2406241	 6.88736E-07
 .2409603	 6.923223E-07
 .2412965	 6.959281E-07
 .2416358	 7.032295E-07
 .241972	 7.068921E-07
 .2423082	 7.10573E-07
 .2426443	 7.142738E-07
 .2429805	 7.179932E-07
 .2433136	 7.179582E-07
 .2436498	 7.216975E-07
 .243986	 7.254555E-07
 .2443222	 7.292339E-07
 .2446553	 7.291977E-07
 .2449915	 7.329955E-07
 .2453339	 7.445797E-07
 .2456669	 7.445435E-07
 .246	 7.445072E-07
 .2463362	 7.483841E-07
 .2466724	 7.522818E-07
 .2470055	 7.522445E-07
 .2473386	 7.522079E-07
 .2476872	 7.721507E-07
 .2480203	 7.721131E-07
 .2483596	 7.802138E-07
 .2486926	 7.801759E-07
 .2490257	 7.801372E-07
 .2493557	 7.760196E-07
 .2497105	 8.049912E-07
 .2500436	 8.049513E-07
 .2503736	 8.007028E-07
 .2507098	 8.04873E-07
 .2510522	 8.175932E-07
 .2513884	 8.218513E-07
 .2517214	 8.218105E-07
 .2520607	 8.304335E-07
 .2523969	 8.347578E-07
 .2527362	 8.435157E-07
 .2530693	 8.434747E-07
 .2534055	 8.478677E-07
 .2537417	 8.522827E-07
 .254081	 8.612254E-07
 .2544141	 8.611827E-07
 .2547472	 8.611408E-07
 .2550927	 8.793488E-07
 .2554258	 8.793061E-07
 .2557557	 8.746651E-07
 .256095	 8.838418E-07
 .2564281	 8.837988E-07
 .2567581	 8.791342E-07
 .2570912	 8.790906E-07
 .2574398	 9.023973E-07
 .257776	 9.070971E-07
 .2581121	 9.118206E-07
 .2584483	 9.165695E-07
 .2587783	 9.117319E-07
 .2591176	 9.212974E-07
 .2594538	 9.260949E-07
 .2597838	 9.212069E-07
 .2601168	 9.211622E-07
 .2604499	 9.211174E-07
 .2607954	 9.405935E-07
 .2611441	 9.655308E-07
 .261474	 9.604338E-07
 .2618071	 9.603872E-07
 .2621526	 9.806936E-07
 .2624919	 9.909827E-07
 .2628281	 9.96144E-07
 .2631581	 9.908863E-07
 .2634943	 9.960461E-07
 .2638336	 1.006497E-06
 .2641698	 1.011738E-06
 .2645029	 1.011689E-06
 .264839	 1.016958E-06
 .2651814	 1.03303E-06
 .2655145	 1.032979E-06
 .2658476	 1.032929E-06
 .26619	 1.049253E-06
 .2665262	 1.054718E-06
 .2668593	 1.054666E-06
 .2671924	 1.054614E-06
 .2675317	 1.06568E-06
 .2678709	 1.07686E-06
 .2682071	 1.082468E-06
 .2685433	 1.088105E-06
 .2688826	 1.099522E-06
 .2692157	 1.099468E-06
 .2695488	 1.099415E-06
 .2698881	 1.110949E-06
 .2702243	 1.116735E-06
 .2705605	 1.12255E-06
 .2708997	 1.134329E-06
 .2712359	 1.140236E-06
 .2715721	 1.146174E-06
 .2719052	 1.146117E-06
 .2722445	 1.158143E-06
 .2725776	 1.158086E-06
 .2729107	 1.158029E-06
 .2732469	 1.164061E-06
 .2735831	 1.170122E-06
 .2739193	 1.176216E-06
 .2742523	 1.176158E-06
 .2745947	 1.194747E-06
 .2749309	 1.200968E-06
 .2752671	 1.207223E-06
 .2756064	 1.219889E-06
 .2759426	 1.226241E-06
 .2762788	 1.232628E-06
 .2766212	 1.252108E-06
 .2769543	 1.252047E-06
 .2772905	 1.258567E-06
 .2776235	 1.258506E-06
 .2779597	 1.26506E-06
 .2782959	 1.271648E-06
 .2786321	 1.27827E-06
 .2789652	 1.278207E-06
 .2793014	 1.284864E-06
 .2796376	 1.291556E-06
 .2799737	 1.298282E-06
 .2803037	 1.291429E-06
 .2806492	 1.318735E-06
 .2809854	 1.325602E-06
 .2813185	 1.325538E-06
 .2816578	 1.339446E-06
 .281994	 1.346421E-06
 .2823271	 1.346355E-06
 .2826664	 1.360481E-06
 .2830026	 1.367566E-06
 .2833388	 1.374688E-06
 .2836749	 1.381847E-06
 .284008	 1.381779E-06
 .2843442	 1.388975E-06
 .2846835	 1.403548E-06
 .2850166	 1.40348E-06
 .2853528	 1.410789E-06
 .285689	 1.418136E-06
 .2860283	 1.433014E-06
 .2863613	 1.432945E-06
 .2866944	 1.432875E-06
 .2870337	 1.447908E-06
 .2873668	 1.447838E-06
 .287703	 1.455377E-06
 .2880423	 1.470648E-06
 .2883847	 1.49389E-06
 .2887178	 1.493817E-06
 .2890508	 1.493743E-06
 .2893901	 1.509416E-06
 .2897294	 1.525253E-06
 .2900687	 1.541255E-06
 .2904018	 1.54118E-06
 .290738	 1.549207E-06
 .2910711	 1.54913E-06
 .2914073	 1.557198E-06
 .2917466	 1.573536E-06
 .2920859	 1.590046E-06
 .2924221	 1.598326E-06
 .2927552	 1.598248E-06
 .2930913	 1.606571E-06
 .2934306	 1.623428E-06
 .2937668	 1.631881E-06
 .2940999	 1.631802E-06
 .294433	 1.631723E-06
 .2947692	 1.640219E-06
 .2951054	 1.648762E-06
 .2954447	 1.66606E-06
 .2957777	 1.665979E-06
 .2961139	 1.674654E-06
 .2964501	 1.683376E-06
 .2967894	 1.701037E-06
 .2971225	 1.700955E-06
 .2974587	 1.709812E-06
 .297798	 1.727752E-06
 .2981342	 1.736749E-06
 .2984703	 1.745795E-06
 .2988065	 1.754885E-06
 .2991396	 1.7548E-06
 .2994789	 1.773211E-06
 .2998151	 1.782446E-06
 .3001513	 1.791728E-06
 .3004875	 1.801059E-06
 .3008206	 1.800972E-06
 .3011599	 1.819867E-06
 .3014961	 1.829345E-06
 .3018291	 1.829254E-06
 .3021684	 1.848448E-06
 .3025046	 1.858073E-06
 .3028377	 1.857983E-06
 .3031739	 1.867658E-06
 .3035132	 1.887254E-06
 .3038494	 1.897082E-06
 .3041856	 1.906962E-06
 .3045218	 1.916892E-06
 .3048579	 1.926875E-06
 .305191	 1.926782E-06
 .3055303	 1.946997E-06
 .3058665	 1.957137E-06
 .3061996	 1.95704E-06
 .3065358	 1.967233E-06
 .3068689	 1.967135E-06
 .3072051	 1.97738E-06
 .3075444	 1.998126E-06
 .3078806	 2.008533E-06
 .3082167	 2.018992E-06
 .308556	 2.040176E-06
 .3088922	 2.0508E-06
 .3092284	 2.061481E-06
 .3095615	 2.061381E-06
 .3098977	 2.072115E-06
 .3102308	 2.072014E-06
 .310567	 2.082804E-06
 .3109031	 2.093651E-06
 .3112455	 2.126739E-06
 .3115817	 2.137815E-06
 .3119148	 2.13771E-06
 .312251	 2.148843E-06
 .3125872	 2.160033E-06
 .3129203	 2.159928E-06
 .3132502	 2.148528E-06
 .3135833	 2.148423E-06
 .3139164	 2.148317E-06
 .3142712	 2.228521E-06
 .3146043	 2.228412E-06
 .3149374	 2.228302E-06
 .3152798	 2.263518E-06
 .315616	 2.275307E-06
 .3159491	 2.275196E-06
 .3162853	 2.287043E-06
 .3166184	 2.286932E-06
 .3169577	 2.310926E-06
 .317297	 2.335173E-06
 .3176331	 2.347333E-06
 .3179662	 2.347219E-06
 .3183024	 2.359442E-06
 .3186417	 2.384198E-06
 .3189717	 2.371615E-06
 .3193079	 2.383964E-06
 .3196409	 2.383848E-06
 .3199709	 2.371266E-06
 .3203226	 2.446928E-06
 .3206526	 2.434013E-06
 .3209826	 2.421167E-06
 .3213188	 2.433776E-06
 .3216674	 2.498299E-06
 .3220098	 2.537784E-06
 .322346	 2.550999E-06
 .3226822	 2.564285E-06
 .3230121	 2.550751E-06
 .3233514	 2.577513E-06
 .3236845	 2.577387E-06
 .3240207	 2.590808E-06
 .3243507	 2.577134E-06
 .3246931	 2.617863E-06
 .3250324	 2.645331E-06
 .3253655	 2.6452E-06
 .3257017	 2.658977E-06
 .3260379	 2.672823E-06
 .3263741	 2.686743E-06
 .3267102	 2.700734E-06
 .3270464	 2.714799E-06
 .3273826	 2.728936E-06
 .3277219	 2.75757E-06
 .3280581	 2.771929E-06
 .3283912	 2.771794E-06
 .3287274	 2.78623E-06
 .3290698	 2.830263E-06
 .3294029	 2.830123E-06
 .3297359	 2.829986E-06
 .3300783	 2.87471E-06
 .3304145	 2.889682E-06
 .3307476	 2.889542E-06
 .3310838	 2.904588E-06
 .33142	 2.919716E-06
 .3317562	 2.934919E-06
 .3320892	 2.934777E-06
 .3324348	 2.99683E-06
 .3327709	 3.012435E-06
 .333104	 3.012288E-06
 .3334433	 3.043892E-06
 .3337795	 3.059745E-06
 .3341157	 3.075681E-06
 .3344519	 3.091697E-06
 .3347881	 3.107799E-06
 .3351243	 3.123982E-06
 .3354636	 3.156758E-06
 .3357998	 3.173199E-06
 .336136	 3.189725E-06
 .3364722	 3.206335E-06
 .3368083	 3.223034E-06
 .3371476	 3.256849E-06
 .3374838	 3.273808E-06
 .33782	 3.290859E-06
 .3381531	 3.290699E-06
 .3384893	 3.307834E-06
 .3388286	 3.342542E-06
 .3391617	 3.342376E-06
 .3394947	 3.342214E-06
 .3398216	 3.307188E-06
 .3401578	 3.324412E-06
 .3404909	 3.324247E-06
 .3408426	 3.43032E-06
 .3411788	 3.448182E-06
 .341515	 3.466141E-06
 .3418543	 3.502506E-06
 .3421967	 3.55786E-06
 .3425297	 3.557687E-06
 .3428659	 3.576216E-06
 .3432052	 3.613736E-06
 .3435352	 3.594663E-06
 .3438714	 3.613384E-06
 .3442107	 3.651295E-06
 .3445438	 3.651117E-06
 .34488	 3.67013E-06
 .3452131	 3.669951E-06
 .3455493	 3.689061E-06
 .3458917	 3.747366E-06
 .3462278	 3.76688E-06
 .3465609	 3.766697E-06
 .3469002	 3.806216E-06
 .3472333	 3.80603E-06
 .3475726	 3.845962E-06
 .3479088	 3.865992E-06
 .348245	 3.886124E-06
 .3485812	 3.906363E-06
 .3489173	 3.926704E-06
 .3492566	 3.967906E-06
 .3495897	 3.967709E-06
 .3499228	 3.967516E-06
 .350259	 3.98818E-06
 .3506014	 4.051209E-06
 .3509345	 4.051008E-06
 .3512707	 4.072106E-06
 .35161	 4.114829E-06
 .3519461	 4.13626E-06
 .3522823	 4.157798E-06
 .3526216	 4.201424E-06
 .3529609	 4.245504E-06
 .3532971	 4.267616E-06
 .3536302	 4.267404E-06
 .3539695	 4.31218E-06
 .3543057	 4.334635E-06
 .3546419	 4.35721E-06
 .3549781	 4.3799E-06
 .3553143	 4.402711E-06
 .3556505	 4.425637E-06
 .3559866	 4.448686E-06
 .3563197	 4.44847E-06
 .356659	 4.495142E-06
 .3569921	 4.494923E-06
 .3573314	 4.542082E-06
 .3576676	 4.565738E-06
 .3580038	 4.589513E-06
 .35834	 4.613416E-06
 .358673	 4.613187E-06
 .3590092	 4.637214E-06
 .3593454	 4.661361E-06
 .3596878	 4.735033E-06
 .360024	 4.759689E-06
 .3603633	 4.809626E-06
 .3606995	 4.834676E-06
 .3610326	 4.83444E-06
 .3613719	 4.885162E-06
 .3617112	 4.936415E-06
 .3620442	 4.936175E-06
 .3623773	 4.935935E-06
 .3627135	 4.961638E-06
 .3630528	 5.013698E-06
 .3633921	 5.0663E-06
 .3637283	 5.092682E-06
 .3640645	 5.119206E-06
 .3643976	 5.118956E-06
 .3647338	 5.145612E-06
 .36507	 5.172411E-06
 .3654093	 5.226678E-06
 .3657423	 5.226424E-06
 .3660785	 5.253639E-06
 .3664147	 5.281001E-06
 .3667509	 5.3085E-06
 .3670871	 5.336148E-06
 .3674233	 5.36394E-06
 .3677657	 5.448711E-06
 .368105	 5.505877E-06
 .3684381	 5.505609E-06
 .3687711	 5.505336E-06
 .3691073	 5.534009E-06
 .3694435	 5.562831E-06
 .3697797	 5.591798E-06
 .3701159	 5.620921E-06
 .3704521	 5.65019E-06
 .3707852	 5.649916E-06
 .3711276	 5.739206E-06
 .3714637	 5.769097E-06
 .3717999	 5.799138E-06
 .3721361	 5.829341E-06
 .3724692	 5.829052E-06
 .3728054	 5.859411E-06
 .3731354	 5.828485E-06
 .373484	 5.983011E-06
 .3738202	 6.014167E-06
 .3741564	 6.045489E-06
 .3744895	 6.045189E-06
 .3748319	 6.140727E-06
 .375165	 6.140428E-06
 .3755011	 6.172409E-06
 .3758404	 6.237167E-06
 .3761766	 6.269652E-06
 .3765159	 6.335431E-06
 .3768521	 6.368421E-06
 .3771914	 6.435243E-06
 .3775245	 6.434923E-06
 .3778607	 6.468438E-06
 .3781906	 6.434298E-06
 .3785237	 6.433984E-06
 .3788568	 6.433665E-06
 .3791899	 6.433353E-06
 .3795261	 6.466858E-06
 .379884	 6.743549E-06
 .3802202	 6.778664E-06
 .3805564	 6.813968E-06
 .3808926	 6.84945E-06
 .3812288	 6.885124E-06
 .3815649	 6.920976E-06
 .381898	 6.920639E-06
 .3822342	 6.956683E-06
 .3825673	 6.956338E-06
 .3829004	 6.956E-06
 .3832366	 6.992228E-06
 .3835883	 7.215334E-06
 .3839214	 7.214983E-06
 .3842607	 7.290681E-06
 .3846	 7.367179E-06
 .38493	 7.328295E-06
 .3852599	 7.289617E-06
 .3855961	 7.327575E-06
 .3859323	 7.365738E-06
 .3862654	 7.365373E-06
 .3865954	 7.326499E-06
 .3869284	 7.326143E-06
 .3872615	 7.325787E-06
 .3876226	 7.679387E-06
 .3879588	 7.719375E-06
 .3882918	 7.719E-06
 .388628	 7.759194E-06
 .3889704	 7.881828E-06
 .3893128	 8.006391E-06
 .3896459	 8.005994E-06
 .389979	 8.005604E-06
 .3903183	 8.089604E-06
 .3906545	 8.131728E-06
 .3909845	 8.088809E-06
 .3913144	 8.046117E-06
 .3916444	 8.00365E-06
 .3919868	 8.130139E-06
 .3923416	 8.433658E-06
 .3926747	 8.433248E-06
 .3930171	 8.566526E-06
 .3933595	 8.70191E-06
 .3936988	 8.793216E-06
 .3940319	 8.79278E-06
 .3943712	 8.885039E-06
 .3947043	 8.884599E-06
 .3950405	 8.930871E-06
 .3953736	 8.930437E-06
 .3957098	 8.97694E-06
 .3960491	 9.071132E-06
 .3963884	 9.166302E-06
 .3967245	 9.214034E-06
 .3970576	 9.213586E-06
 .3973938	 9.261572E-06
 .3977393	 9.457399E-06
 .3980755	 9.506645E-06
 .3984086	 9.506183E-06
 .3987448	 9.555684E-06
 .3990841	 9.655948E-06
 .3994172	 9.65547E-06
 .3997596	 9.808073E-06
 .4000957	 9.859145E-06
 .4004319	 9.910494E-06
 .4007743	 1.006712E-05
 .4011074	 1.006663E-05
 .4014405	 1.006613E-05
 .4017767	 1.011856E-05
 .4021129	 1.017124E-05
 .4024553	 1.0332E-05
 .4027884	 1.033149E-05
 .4031245	 1.03853E-05
 .4034638	 1.049426E-05
 .4038	 1.054891E-05
 .4041362	 1.060384E-05
 .4044755	 1.07151E-05
 .4048148	 1.082752E-05
 .4051541	 1.094112E-05
 .4054872	 1.094059E-05
 .4058234	 1.099756E-05
 .4061596	 1.105484E-05
 .4064989	 1.117082E-05
 .406835	 1.1229E-05
 .4071712	 1.128747E-05
 .4075105	 1.140591E-05
 .4078467	 1.14653E-05
 .408186	 1.15856E-05
 .4085222	 1.164593E-05
 .4088553	 1.164536E-05
 .4091884	 1.16448E-05
 .4095215	 1.164422E-05
 .4098701	 1.195293E-05
 .4102063	 1.201519E-05
 .4105456	 1.214125E-05
 .4108818	 1.220447E-05
 .4112179	 1.226803E-05
 .4115572	 1.239674E-05
 .4118934	 1.246131E-05
 .4122265	 1.24607E-05
 .412572	 1.272417E-05
 .4129051	 1.272354E-05
 .4132413	 1.278981E-05
 .4135806	 1.2924E-05
 .4139168	 1.299131E-05
 .4142561	 1.312761E-05
 .4145923	 1.319598E-05
 .4149284	 1.326469E-05
 .4152646	 1.333378E-05
 .4156039	 1.347367E-05
 .4159401	 1.354383E-05
 .4162763	 1.361437E-05
 .4166156	 1.375721E-05
 .4169518	 1.382886E-05
 .4172911	 1.397394E-05
 .4176304	 1.412057E-05
 .4179666	 1.41941E-05
 .4183028	 1.426802E-05
 .4186358	 1.426731E-05
 .4189782	 1.449279E-05
 .4193144	 1.456827E-05
 .4196506	 1.464415E-05
 .4199837	 1.464342E-05
 .4203199	 1.471969E-05
 .4206561	 1.479634E-05
 .4209923	 1.48734E-05
 .4213347	 1.510846E-05
 .4216709	 1.518714E-05
 .4220195	 1.558977E-05
 .4223526	 1.558902E-05
 .4226919	 1.575257E-05
 .4230281	 1.583461E-05
 .4233642	 1.591707E-05
 .4237004	 1.599997E-05
 .4240366	 1.608328E-05
 .4243697	 1.60825E-05
 .4247059	 1.616626E-05
 .4250452	 1.633587E-05
 .4253845	 1.650726E-05
 .4257269	 1.676816E-05
 .4260631	 1.685547E-05
 .4263993	 1.694326E-05
 .4267323	 1.694242E-05
 .4270654	 1.694159E-05
 .4274016	 1.702983E-05
 .4277347	 1.702898E-05
 .4280647	 1.693911E-05
 .4284195	 1.75715E-05
 .4287588	 1.775586E-05
 .429095	 1.784832E-05
 .4294312	 1.794127E-05
 .4297674	 1.803471E-05
 .4301067	 1.822393E-05
 .4304428	 1.831883E-05
 .430779	 1.841423E-05
 .4311121	 1.841334E-05
 .4314607	 1.89015E-05
 .4317938	 1.890058E-05
 .43213	 1.899902E-05
 .4324662	 1.909795E-05
 .4328024	 1.919741E-05
 .4331386	 1.929738E-05
 .433481	 1.960235E-05
 .4338203	 1.980803E-05
 .4341533	 1.980705E-05
 .4344864	 1.980609E-05
 .4348195	 1.980513E-05
 .4351557	 1.990826E-05
 .4355043	 2.043607E-05
 .4358467	 2.075904E-05
 .4361798	 2.075803E-05
 .4365129	 2.075702E-05
 .4368491	 2.08651E-05
 .4371884	 2.108403E-05
 .4375246	 2.119382E-05
 .4378608	 2.13042E-05
 .4382001	 2.152772E-05
 .4385362	 2.163984E-05
 .4388724	 2.175252E-05
 .4392055	 2.175147E-05
 .4395541	 2.232815E-05
 .4398872	 2.232704E-05
 .4402234	 2.244332E-05
 .4405658	 2.279802E-05
 .4408989	 2.279691E-05
 .4412351	 2.291562E-05
 .4415806	 2.340014E-05
 .4419168	 2.352202E-05
 .4422561	 2.37688E-05
 .4425922	 2.389259E-05
 .4429284	 2.401701E-05
 .4432646	 2.414209E-05
 .4436039	 2.439538E-05
 .4439401	 2.452244E-05
 .4442763	 2.465013E-05
 .4446094	 2.464893E-05
 .4449518	 2.503848E-05
 .4452911	 2.530118E-05
 .4456273	 2.543295E-05
 .4459603	 2.543171E-05
 .4462965	 2.556414E-05
 .446642	 2.610467E-05
 .4469844	 2.651723E-05
 .4473206	 2.665533E-05
 .4476537	 2.665401E-05
 .447993	 2.693368E-05
 .4483292	 2.707393E-05
 .4486654	 2.721494E-05
 .4490109	 2.779037E-05
 .4493471	 2.793508E-05
 .4496833	 2.808057E-05
 .4500195	 2.82268E-05
 .4503556	 2.837381E-05
 .4506949	 2.867149E-05
 .4510311	 2.882082E-05
 .4513673	 2.89709E-05
 .4517159	 2.973898E-05
 .452049	 2.973754E-05
 .4523821	 2.973609E-05
 .4527245	 3.020604E-05
 .4530669	 3.068341E-05
 .4534	 3.068192E-05
 .4537362	 3.084169E-05
 .4540786	 3.13291E-05
 .4544148	 3.149227E-05
 .4547479	 3.149074E-05
 .4550903	 3.198842E-05
 .4554327	 3.249396E-05
 .4557658	 3.249237E-05
 .4561082	 3.300588E-05
 .4564444	 3.317775E-05
 .4567805	 3.335054E-05
 .4571229	 3.387762E-05
 .4574591	 3.405402E-05
 .4577953	 3.423138E-05
 .4581346	 3.459053E-05
 .4584739	 3.495347E-05
 .4588163	 3.550587E-05
 .4591525	 3.569076E-05
 .4595042	 3.682961E-05
 .4598404	 3.702139E-05
 .4601766	 3.72142E-05
 .4605221	 3.800106E-05
 .4608583	 3.819894E-05
 .4612038	 3.900662E-05
 .4615462	 3.962312E-05
 .4618824	 3.982944E-05
 .4622248	 4.04589E-05
 .4625641	 4.088342E-05
 .4628972	 4.088139E-05
 .4632303	 4.087941E-05
 .4635758	 4.174376E-05
 .463912	 4.196113E-05
 .4642482	 4.217967E-05
 .4645812	 4.217762E-05
 .4649143	 4.217553E-05
 .4652505	 4.239519E-05
 .465596	 4.329159E-05
 .4659322	 4.351702E-05
 .4662684	 4.374366E-05
 .4666046	 4.397149E-05
 .4669439	 4.443283E-05
 .4672832	 4.4899E-05
 .4676163	 4.489682E-05
 .4679524	 4.51306E-05
 .4683011	 4.632712E-05
 .4686372	 4.65684E-05
 .4689734	 4.681089E-05
 .4693221	 4.805195E-05
 .4696614	 4.85561E-05
 .4699975	 4.880899E-05
 .4703337	 4.906315E-05
 .470673	 4.957795E-05
 .4710465	 5.307243E-05
 .471392	 5.41946E-05
 .4717375	 5.534049E-05
 .4720768	 5.59211E-05
 .4724161	 5.650786E-05
 .4727523	 5.680211E-05
 .4730885	 5.709795E-05
 .4734247	 5.739527E-05
 .4737702	 5.860884E-05
 .4741032	 5.860599E-05
 .4744519	 6.015976E-05
 .4747912	 6.079094E-05
 .4751273	 6.110755E-05
 .4754666	 6.174867E-05
 .475809	 6.272454E-05
 .4761515	 6.371583E-05
 .4764845	 6.371273E-05
 .47683	 6.505987E-05
 .4771631	 6.505672E-05
 .4774993	 6.539548E-05
 .4778479	 6.712926E-05
 .4781872	 6.783356E-05
 .4785265	 6.854531E-05
 .4788689	 6.962859E-05
 .4792082	 7.035911E-05
 .4795475	 7.10973E-05
 .4798837	 7.146758E-05
 .4802168	 7.146411E-05
 .480553	 7.183624E-05
 .4808829	 7.145709E-05
 .481216	 7.145361E-05
 .481546	 7.107649E-05
 .4818791	 7.107296E-05
 .4822153	 7.144312E-05
 .4825515	 7.181521E-05
 .4828846	 7.181165E-05
 .4832332	 7.371554E-05
 .4835694	 7.409947E-05
 .4839149	 7.566623E-05
 .4842511	 7.606023E-05
 .4845966	 7.766846E-05
 .4849358	 7.848333E-05
 .4852751	 7.930682E-05
 .4856144	 8.013889E-05
 .4859475	 8.013499E-05
 .4862899	 8.140143E-05
 .4866323	 8.26879E-05
 .4869716	 8.355543E-05
 .4873109	 8.443214E-05
 .4876968	 9.229887E-05
 .4880392	 9.375755E-05
 .4883723	 9.375298E-05
 .4887209	 9.623859E-05
 .4890571	 9.673973E-05
 .4894026	 9.87852E-05
 .4897481	 1.008739E-04
 .4900812	 1.00869E-04
 .4904143	 1.008641E-04
 .490766	 1.040824E-04
 .4911053	 1.051745E-04
 .4914446	 1.06278E-04
 .4917932	 1.090957E-04
 .4921294	 1.096638E-04
 .4924718	 1.113969E-04
 .4928049	 1.113915E-04
 .4931442	 1.125601E-04
 .4934866	 1.143391E-04
 .4938321	 1.167567E-04
 .4941683	 1.173647E-04
 .4945076	 1.185961E-04
 .49485	 1.204705E-04
 .4951862	 1.210978E-04
 .4955286	 1.230116E-04
 .4958648	 1.236523E-04
 .496201	 1.242961E-04
 .4965496	 1.275915E-04
 .4968858	 1.28256E-04
 .4972188	 1.282497E-04
 .497555	 1.289176E-04
 .4978912	 1.295889E-04
 .4982243	 1.295826E-04
 .4985574	 1.295763E-04
 .4988936	 1.30251E-04
 .499236	 1.323097E-04
 .4995784	 1.344007E-04
 .4999208	 1.365247E-04
 .5002601	 1.379571E-04
 .5005963	 1.386756E-04
 .5009325	 1.393977E-04
 .5012686	 1.401237E-04
 .501608	 1.415938E-04
 .5019472	 1.430794E-04
 .5022835	 1.438246E-04
 .5026227	 1.453335E-04
 .5029589	 1.460905E-04
 .5032951	 1.468512E-04
 .5036313	 1.47616E-04
 .5039675	 1.483847E-04
 .5043099	 1.507299E-04
 .5046958	 1.647737E-04
 .5050288	 1.647657E-04
 .5053744	 1.682495E-04
 .5057105	 1.691256E-04
 .5060468	 1.700065E-04
 .5063798	 1.699982E-04
 .5067316	 1.754225E-04
 .5070677	 1.763361E-04
 .5074071	 1.781861E-04
 .5077463	 1.800556E-04
 .5080825	 1.809934E-04
 .5084311	 1.857919E-04
 .5087767	 1.897203E-04
 .5091128	 1.907082E-04
 .509449	 1.917015E-04
 .5097852	 1.926997E-04
 .5101307	 1.967742E-04
 .5104669	 1.97799E-04
 .5108062	 1.998742E-04
 .5111455	 2.019712E-04
 .5114879	 2.051634E-04
 .511821	 2.051532E-04
 .5121603	 2.073058E-04
 .5124903	 2.062114E-04
 .5128482	 2.150346E-04
 .5131875	 2.172907E-04
 .5135237	 2.184223E-04
 .5138568	 2.184115E-04
 .514196	 2.207032E-04
 .5145354	 2.230188E-04
 .5148715	 2.241801E-04
 .5152264	 2.325495E-04
 .5155626	 2.337605E-04
 .5158988	 2.349779E-04
 .5162349	 2.362015E-04
 .516568	 2.3619E-04
 .5169042	 2.374201E-04
 .5172404	 2.386564E-04
 .5175704	 2.373968E-04
 .5179034	 2.373853E-04
 .5182334	 2.361324E-04
 .5185385	 2.252374E-04
 .5188748	 2.264105E-04
 .5192078	 2.263993E-04
 .519544	 2.275784E-04
 .5198833	 2.299661E-04
 .5202226	 2.32379E-04
 .520565	 2.360515E-04
 .5208981	 2.3604E-04
 .5212343	 2.372692E-04
 .5215767	 2.410189E-04
 .5219129	 2.422742E-04
 .5222615	 2.486974E-04
 .5226008	 2.513067E-04
 .522937	 2.526153E-04
 .5232732	 2.53931E-04
 .5236093	 2.552533E-04
 .5239456	 2.565827E-04
 .5242848	 2.592746E-04
 .524621	 2.60625E-04
 .5249696	 2.675347E-04
 .5253058	 2.689279E-04
 .5256451	 2.717496E-04
 .5259782	 2.717361E-04
 .5263175	 2.745874E-04
 .5266568	 2.774682E-04
 .526993	 2.789131E-04
 .527326	 2.788995E-04
 .5276685	 2.833072E-04
 .5280077	 2.862799E-04
 .528344	 2.877706E-04
 .528677	 2.877566E-04
 .5290163	 2.907756E-04
 .5293587	 2.95371E-04
 .5296949	 2.969094E-04
 .5300404	 3.031872E-04
 .5303735	 3.031725E-04
 .5307035	 3.015723E-04
 .5310335	 2.999804E-04
 .531379	 3.063232E-04
 .5317183	 3.095373E-04
 .5320545	 3.111491E-04
 .5324	 3.177281E-04
 .5327455	 3.244462E-04
 .5331128	 3.436918E-04
 .5335515	 4.107408E-04
 .5339032	 4.238468E-04
 .5342394	 4.26054E-04
 .5345849	 4.350625E-04
 .5349211	 4.373282E-04
 .5445494	 4.144013E-04
 .544898	 4.253878E-04
 .5452342	 4.276033E-04
 .5455673	 4.275823E-04
 .5459034	 4.29809E-04
 .5462428	 4.343186E-04
 .546582	 4.388753E-04
 .5469214	 4.434801E-04
 .5472575	 4.457896E-04
 .5475999	 4.528348E-04
 .5479392	 4.575861E-04
 .5482723	 4.575638E-04
 .5486085	 4.599466E-04
 .5489478	 4.647723E-04
 .5492809	 4.647496E-04
 .5496171	 4.671699E-04
 .5499501	 4.67147E-04
 .5502864	 4.695797E-04
 .5506318	 4.795085E-04
 .5509681	 4.820057E-04
 .5513073	 4.87063E-04
 .5516436	 4.895994E-04
 .5519797	 4.921491E-04
 .5523159	 4.947121E-04
 .552649	 4.946881E-04
 .5529914	 5.02506E-04
 .5533276	 5.051229E-04
 .5536638	 5.077535E-04
 .5540062	 5.15778E-04
 .5543423	 5.18464E-04
 .5546786	 5.21164E-04
 .5550178	 5.266321E-04
 .5553603	 5.349549E-04
 .5556964	 5.377408E-04
 .5560326	 5.405415E-04
 .5563688	 5.433565E-04
 .556705	 5.461861E-04
 .5570412	 5.490304E-04
 .5573836	 5.577073E-04
 .5577167	 5.576799E-04
 .5580528	 5.605841E-04
 .5583891	 5.635037E-04
 .5587283	 5.694158E-04
 .5590645	 5.723812E-04
 .5594007	 5.753619E-04
 .55974	 5.813987E-04
 .5600762	 5.844265E-04
 .5604466	 6.223481E-04
 .5607796	 6.223175E-04
 .5611221	 6.321529E-04
 .5614582	 6.354449E-04
 .5617976	 6.421118E-04
 .5621337	 6.454561E-04
 .562473	 6.52228E-04
 .5628092	 6.556246E-04
 .5631423	 6.555927E-04
 .5634723	 6.521325E-04
 .5638209	 6.694217E-04
 .564154	 6.693889E-04
 .5644901	 6.728751E-04
 .5648233	 6.728421E-04
 .5651625	 6.799016E-04
 .5654956	 6.798683E-04
 .565838	 6.906128E-04
 .5661742	 6.942093E-04
 .5665073	 6.941755E-04
 .5668404	 6.941415E-04
 .5671766	 6.977564E-04
 .5675035	 6.904443E-04
 .5678396	 6.940399E-04
 .5681727	 6.940058E-04
 .5685058	 6.93972E-04
 .5688575	 7.161155E-04
 .5691937	 7.198448E-04
 .5695299	 7.235935E-04
 .5698568	 7.160103E-04
 .5701867	 7.122312E-04
 .5705074	 6.974154E-04
 .5708405	 6.973812E-04
 .571186	 7.121266E-04
 .5715501	 7.504239E-04
 .5718863	 7.543318E-04
 .5722349	 7.743305E-04
 .572568	 7.742929E-04
 .5729011	 7.742548E-04
 .5732342	 7.742172E-04
 .5735673	 7.741791E-04
 .5739034	 7.782108E-04
 .5742521	 7.98843E-04
 .5745851	 7.988038E-04
 .5749182	 7.987649E-04
 .5752513	 7.987256E-04
 .5755813	 7.9451E-04
 .5759144	 7.94471E-04
 .5762506	 7.986084E-04
 .5765867	 8.027676E-04
 .576923	 8.069482E-04
 .577256	 8.069086E-04
 .5775891	 8.068689E-04
 .5779222	 8.068297E-04
 .5782553	 8.067901E-04
 .5785915	 8.109916E-04
 .5789276	 8.152151E-04
 .5792607	 8.151754E-04
 .5796062	 8.324115E-04
 .5799424	 8.367464E-04
 .5802786	 8.41104E-04
 .5806179	 8.499289E-04
 .5809541	 8.543551E-04
 .5812903	 8.588043E-04
 .5816265	 8.632768E-04
 .5819595	 8.632343E-04
 .5822958	 8.677298E-04
 .5826288	 8.676876E-04
 .5829619	 8.67645E-04
 .5832981	 8.721635E-04
 .5836529	 9.047239E-04
 .583986	 9.046795E-04
 .5843253	 9.141716E-04
 .5846615	 9.189323E-04
 .5849977	 9.237178E-04
 .5853308	 9.236729E-04
 .5856701	 9.333637E-04
 .5860063	 9.382244E-04
 .5863425	 9.431108E-04
 .5866786	 9.480223E-04
 .5870148	 9.529593E-04
 .587351	 9.57922E-04
 .5876841	 9.57875E-04
 .5880203	 9.628633E-04
 .5883689	 9.88391E-04
 .5887051	 9.935383E-04
 .5890382	 9.934895E-04
 .5893713	 9.934412E-04
 .5897105	 1.003864E-03
 .5900468	 1.009092E-03
 .5903798	 1.009043E-03
 .590716	 1.014298E-03
 .5910553	 1.02494E-03
 .5913915	 1.030277E-03
 .5917246	 1.030227E-03
 .5920607	 1.035592E-03
 .5923907	 1.030126E-03
 .5927207	 1.024689E-03
 .5930569	 1.030025E-03
 .5934055	 1.057333E-03
 .5937479	 1.074044E-03
 .594081	 1.073991E-03
 .5944172	 1.079584E-03
 .5947565	 1.090911E-03
 .5950927	 1.096592E-03
 .595432	 1.108098E-03
 .5957651	 1.108043E-03
 .5961012	 1.113814E-03
 .5964344	 1.11376E-03
 .5967798	 1.137309E-03
 .5971161	 1.143232E-03
 .5974491	 1.143176E-03
 .5977822	 1.143119E-03
 .5981153	 1.143064E-03
 .5984546	 1.155057E-03
 .5987877	 .001155
 .5991207	 1.154943E-03
 .59946	 1.167061E-03
 .5997931	 1.167005E-03
 .6001293	 1.173082E-03
 .6004655	 1.179191E-03
 .6008079	 1.197827E-03
 .6011534	 1.223154E-03
 .6014865	 1.223094E-03
 .6018227	 1.229463E-03
 .6021588	 1.235866E-03
 .6025013	 1.255398E-03
 .6028374	 1.261936E-03
 .6031705	 1.261874E-03
 .6035036	 1.261812E-03
 .6038367	 1.26175E-03
 .6041791	 1.281691E-03
 .6045153	 1.288366E-03
 .6048453	 1.281566E-03
 .6051815	 1.28824E-03
 .6055239	 .0013086
 .605857	 1.308535E-03
 .60619	 1.308472E-03
 .60652	 1.301565E-03
 .6068531	 1.301502E-03
 .6071861	 1.301438E-03
 .6075348	 1.335942E-03
 .6078678	 1.335876E-03
 .608201	 1.335811E-03
 .608534	 1.335746E-03
 .6088671	 1.335681E-03
 .6092126	 1.363922E-03
 .6095457	 1.363855E-03
 .6098788	 1.363788E-03
 .610218	 1.378097E-03
 .6105543	 1.385274E-03
 .6108904	 1.392488E-03
 .6112235	 1.39242E-03
 .6115566	 1.392352E-03
 .6118928	 1.399603E-03
 .6122352	 1.421722E-03
 .6125714	 1.429127E-03
 .6129107	 1.444121E-03
 .61325	 1.459273E-03
 .6135831	 1.459201E-03
 .6139193	 .0014668
 .6142492	 1.459058E-03
 .6145823	 1.458987E-03
 .6149185	 1.466585E-03
 .6152578	 1.481972E-03
 .615594	 1.48969E-03
 .6159302	 1.497449E-03
 .6162633	 1.497375E-03
 .6165963	 1.497302E-03
 .6169263	 1.489399E-03
 .6172625	 1.497155E-03
 .6176174	 1.553048E-03
 .6179535	 1.561136E-03
 .6182897	 1.569266E-03
 .618629	 1.585731E-03
 .6189621	 1.585653E-03
 .6192983	 1.593911E-03
 .6196314	 1.593833E-03
 .6199676	 1.602134E-03
 .6203161	 1.644609E-03
 .6206524	 1.653174E-03
 .6209947	 1.679301E-03
 .6213278	 1.679219E-03
 .6216609	 1.679137E-03
 .6220064	 1.714641E-03
 .6223395	 1.714556E-03
 .6226788	 1.732546E-03
 .623015	 1.741568E-03
 .6233481	 1.741483E-03
 .6236843	 1.750552E-03
 .6240205	 1.759668E-03
 .6243566	 1.768832E-03
 .6246929	 1.778044E-03
 .625029	 1.787304E-03
 .6253652	 1.796612E-03
 .6257014	 1.805968E-03
 .6260376	 1.815373E-03
 .62638	 1.844063E-03
 .6267131	 1.843972E-03
 .6270462	 1.843883E-03
 .6273854	 1.863229E-03
 .6277248	 1.882777E-03
 .6280578	 1.882686E-03
 .6283909	 1.882593E-03
 .628724	 1.882502E-03
 .6290571	 1.882409E-03
 .6293964	 1.90216E-03
 .6297419	 1.942379E-03
 .630075	 1.942284E-03
 .6304142	 1.962663E-03
 .6307536	 1.983254E-03
 .6310866	 1.983158E-03
 .6314197	 1.98306E-03
 .631759	 2.003867E-03
 .6320952	 2.014302E-03
 .6324345	 2.035437E-03
 .6327707	 2.046037E-03
 .6331038	 2.045936E-03
 .63344	 2.056591E-03
 .6337761	 2.067301E-03
 .6341093	 .0020672
 .6344454	 2.077966E-03
 .6347816	 2.088787E-03
 .6351147	 2.088685E-03
 .6354478	 2.088583E-03
 .6357902	 2.121591E-03
 .6361264	 2.132639E-03
 .6364626	 2.143746E-03
 .6367987	 2.15491E-03
 .6371412	 2.188967E-03
 .6374742	 2.188859E-03
 .6378073	 2.188751E-03
 .6381404	 2.188645E-03
 .6384735	 2.188538E-03
 .6388035	 2.176987E-03
 .6391148	 2.098433E-03
 .6394479	 2.098331E-03
 .639784	 2.109258E-03
 .6401203	 2.120243E-03
 .6404533	 2.120139E-03
 .6407864	 2.120035E-03
 .6411226	 2.131076E-03
 .6414588	 2.142174E-03
 .6417919	 2.142069E-03
 .6421311	 2.164544E-03
 .6424643	 2.164437E-03
 .6428035	 2.187147E-03
 .6431366	 2.187041E-03
 .6434729	 2.19843E-03
 .6438059	 2.198322E-03
 .6441421	 2.20977E-03
 .6444814	 2.232956E-03
 .6448145	 2.232846E-03
 .6451476	 2.232737E-03
 .6454837	 2.244365E-03
 .64582	 2.256053E-03
 .6461654	 2.303755E-03
 .6465017	 2.315752E-03
 .6468378	 2.327812E-03
 .6471709	 2.327697E-03
 .6475071	 2.339819E-03
 .647837	 2.32747E-03
 .6481795	 2.364253E-03
 .6485156	 2.376566E-03
 .6488487	 2.37645E-03
 .6491849	 2.388825E-03
 .6495211	 2.401266E-03
 .6498573	 2.413771E-03
 .6501904	 2.413654E-03
 .6505266	 2.426223E-03
 .6508628	 2.438858E-03
 .6511958	 2.438738E-03
 .6515352	 2.464326E-03
 .6518744	 2.490182E-03
 .6522076	 2.49006E-03
 .6525437	 2.503027E-03
 .6528799	 2.516062E-03
 .653213	 2.51594E-03
 .6535492	 2.529042E-03
 .6538823	 2.528918E-03
 .6542215	 2.555452E-03
 .6545546	 2.555326E-03
 .6548939	 2.582137E-03
 .6552301	 2.595584E-03
 .6555663	 2.609101E-03
 .6558994	 2.608973E-03
 .6562356	 2.62256E-03
 .6565748	 2.650076E-03
 .656908	 2.649947E-03
 .6572441	 2.663747E-03
 .6575772	 2.663616E-03
 .6579103	 2.663487E-03
 .6582465	 2.677358E-03
 .6585796	 2.677226E-03
 .6589158	 2.691168E-03
 .6592582	 2.733699E-03
 .6595944	 2.747935E-03
 .6599305	 2.762247E-03
 .6602637	 2.762111E-03
 .6605998	 2.776496E-03
 .6609329	 2.776359E-03
 .661266	 2.776224E-03
 .6616022	 2.790682E-03
 .6619415	 2.819962E-03
 .6622745	 2.819824E-03
 .6626076	 2.819687E-03
 .6629438	 2.834371E-03
 .6632769	 2.834232E-03
 .6636131	 2.848991E-03
 .66394	 2.819134E-03
 .664273	 2.818997E-03
 .6646093	 2.833677E-03
 .6649392	 2.818721E-03
 .6652754	 2.833401E-03
 .6656302	 2.939179E-03
 .6659602	 2.923666E-03
 .6662933	 2.923524E-03
 .6666357	 2.969727E-03
 .6669719	 2.985192E-03
 .6673081	 3.000738E-03
 .6676443	 3.016365E-03
 .6679804	 3.032073E-03
 .6683135	 3.031926E-03
 .6686497	 3.047715E-03
 .668989	 3.079691E-03
 .6693283	 3.112003E-03
 .6696583	 3.095578E-03
 .6699945	 3.111699E-03
 .6703306	 3.127904E-03
 .6706669	 3.144193E-03
 .6710061	 3.177183E-03
 .6713423	 3.193728E-03
 .6716785	 3.21036E-03
 .6720116	 3.210203E-03
 .6723447	 3.210047E-03
 .6726809	 3.226763E-03
 .673014	 3.226605E-03
 .6733502	 3.243408E-03
 .6736863	 3.260299E-03
 .6740257	 3.294506E-03
 .6743587	 3.294346E-03
 .6746918	 3.294184E-03
 .6750218	 3.276798E-03
 .6753548	 3.276637E-03
 .6757004	 3.345918E-03
 .6760365	 3.363343E-03
 .6763728	 3.380858E-03
 .6767058	 3.380694E-03
 .677042	 3.398299E-03
 .6773782	 3.415997E-03
 .6777144	 3.433786E-03
 .6780506	 3.451668E-03
 .6783836	 3.451499E-03
 .6787199	 3.469475E-03
 .6790529	 3.469304E-03
 .679386	 3.469134E-03
 .6797284	 3.523961E-03
 .6800615	 3.523788E-03
 .6803977	 3.542139E-03
 .6807308	 3.541967E-03
 .6810638	 3.541793E-03
 .6814001	 3.560238E-03
 .6817393	 3.597592E-03
 .6820724	 3.597416E-03
 .6824117	 3.63516E-03
 .6827479	 3.654091E-03
 .6830779	 3.634805E-03
 .6834141	 3.653734E-03
 .6837503	 3.672761E-03
 .6840864	 3.691888E-03
 .6844226	 3.711114E-03
 .6847557	 3.710934E-03
 .6850888	 3.710751E-03
 .6854281	 3.749685E-03
 .6857581	 3.729893E-03
 .6861005	 3.788841E-03
 .6864398	 3.828593E-03
 .6867791	 3.868763E-03
 .6871122	 3.868575E-03
 .6874452	 3.868385E-03
 .6877783	 3.868195E-03
 .6881145	 3.888341E-03
 .6884476	 3.88815E-03
 .6887838	 3.908398E-03
 .6891168	 3.908206E-03
 .6894531	 3.928561E-03
 .6897923	 3.969778E-03
 .6901285	 3.990451E-03
 .6904647	 4.011232E-03
 .6907978	 4.011037E-03
 .6911309	 4.01084E-03
 .6914639	 4.010645E-03
 .6917971	 4.010448E-03
 .6921301	 4.010253E-03
 .6924663	 4.031138E-03
 .6928056	 4.073431E-03
 .6931418	 4.094644E-03
 .6934811	 4.137606E-03
 .6938173	 4.159153E-03
 .6941535	 4.180813E-03
 .6944866	 4.180609E-03
 .6948196	 4.180404E-03
 .6951559	 4.202174E-03
 .695492	 4.224058E-03
 .6958282	 4.246056E-03
 .6961675	 4.290606E-03
 .6965068	 4.335624E-03
 .696843	 4.358202E-03
 .6971761	 4.357988E-03
 .6975092	 4.357776E-03
 .6978453	 4.38047E-03
 .6981815	 4.403282E-03
 .6985177	 4.426213E-03
 .6988508	 4.425996E-03
 .6991839	 4.425781E-03
 .699517	 4.425563E-03
 .6998501	 4.425346E-03
 .7001832	 4.425131E-03
 .7005224	 4.47156E-03
 .7008649	 4.542228E-03
 .7011979	 4.542005E-03
 .7015217	 4.470903E-03
 .7018579	 4.494186E-03
 .702194	 4.517591E-03
 .7025427	 4.637362E-03
 .7028757	 4.637135E-03
 .7032057	 4.61266E-03
 .7035419	 4.636681E-03
 .7038781	 4.660828E-03
 .7042143	 .0046851
 .7045474	 4.68487E-03
 .7048867	 4.734024E-03
 .7052228	 4.758677E-03
 .705556	 4.758446E-03
 .7058952	 4.80837E-03
 .7062283	 4.808136E-03
 .7065614	 .0048079
 .7069038	 4.883886E-03
 .70724	 4.90932E-03
 .7075731	 4.909079E-03
 .707903	 4.883169E-03
 .7082362	 4.882929E-03
 .7085723	 4.908358E-03
 .7089054	 4.908119E-03
 .7092385	 4.907878E-03
 .7095747	 4.933437E-03
 .709914	 4.985199E-03
 .7102501	 5.01116E-03
 .7105833	 5.010915E-03
 .7109194	 5.037012E-03
 .7112556	 5.063243E-03
 .7115918	 5.089611E-03
 .711928	 5.116116E-03
 .7122611	 5.115865E-03
 .7126004	 5.169542E-03
 .7129335	 5.169288E-03
 .7132666	 5.169036E-03
 .7135934	 5.114865E-03
 .7139421	 5.250469E-03
 .7142813	 5.305558E-03
 .7146175	 5.333188E-03
 .7149506	 5.332929E-03
 .7152868	 5.360701E-03
 .715623	 5.388618E-03
 .7159592	 5.41668E-03
 .7162954	 5.444888E-03
 .7166315	 5.473244E-03
 .7169646	 5.472975E-03
 .7172977	 5.472709E-03
 .7176308	 5.47244E-03
 .7179639	 5.472174E-03
 .7183	 5.500671E-03
 .7186363	 5.529317E-03
 .7189724	 5.558112E-03
 .7193055	 5.557839E-03
 .7196479	 5.645677E-03
 .7199841	 5.675078E-03
 .7203203	 5.704632E-03
 .7206534	 5.704352E-03
 .7209896	 5.734059E-03
 .7213196	 5.703795E-03
 .7216526	 5.703517E-03
 .7219919	 5.763357E-03
 .7223281	 5.79337E-03
 .7226612	 5.793089E-03
 .7230005	 5.853868E-03
 .7233336	 5.853583E-03
 .7236698	 5.884067E-03
 .7240028	 5.883778E-03
 .7243359	 5.883492E-03
 .7246752	 5.945219E-03
 .7250114	 5.976183E-03
 .7253445	 5.97589E-03
 .7256807	 6.00701E-03
 .7260169	 6.038293E-03
 .7263499	 6.037999E-03
 .7266893	 6.101348E-03
 .7270193	 6.069145E-03
 .7273554	 6.100751E-03
 .7276885	 6.100455E-03
 .7280278	 6.164459E-03
 .728364	 6.196561E-03
 .7286971	 6.19626E-03
 .729027	 6.163557E-03
 .7293664	 6.228223E-03
 .7297056	 6.29357E-03
 .7300418	 6.326345E-03
 .7303749	 6.326034E-03
 .7307111	 6.358981E-03
 .7310442	 6.358669E-03
 .7313803	 6.391783E-03
 .7317135	 6.391469E-03
 .7320496	 6.424757E-03
 .7323858	 6.458215E-03
 .732722	 6.491848E-03
 .7330551	 6.491529E-03
 .7333944	 6.559639E-03
 .7337275	 6.559317E-03
 .7340606	 6.558998E-03
 .7343968	 6.593155E-03
 .7347298	 6.592831E-03
 .735066	 6.627165E-03
 .7353991	 6.626843E-03
 .7357322	 6.626517E-03
 .7360715	 6.696044E-03
 .7364076	 6.730915E-03
 .7367377	 6.695389E-03
 .7370707	 6.69506E-03
 .7374007	 6.659724E-03
 .7377338	 6.659397E-03
 .73807	 6.694077E-03
 .7384062	 6.728938E-03
 .7387393	 6.72861E-03
 .7390879	 6.906998E-03
 .739424	 6.942971E-03
 .7397571	 6.94263E-03
 .7400871	 6.905987E-03
 .7404233	 6.941951E-03
 .7407595	 6.978102E-03
 .7410926	 6.97776E-03
 .7414256	 6.977421E-03
 .7417619	 7.013757E-03
 .7421104	 7.199704E-03
 .7424467	 7.237198E-03
 .7427828	 7.274891E-03
 .7431159	 7.274534E-03
 .7434521	 7.312417E-03
 .7437883	 7.350498E-03
 .7441214	 7.35014E-03
 .7444513	 7.311343E-03
 .7447844	 7.310987E-03
 .7451237	 7.387692E-03
 .7454568	 7.387333E-03
 .745793	 7.425804E-03
 .7461292	 7.464475E-03
 .7464716	 7.582443E-03
 .7468078	 7.62193E-03
 .7471409	 7.621559E-03
 .747474	 7.621185E-03
 .7478101	 7.660874E-03
 .7481463	 7.700769E-03
 .7484794	 7.700395E-03
 .7488125	 7.700017E-03
 .7491487	 7.740116E-03
 .7494817	 7.739739E-03
 .7498148	 7.73936E-03
 .7501479	 7.738983E-03
 .7504903	 7.861289E-03
 .7508234	 7.860903E-03
 .7511596	 7.90184E-03
 .7514927	 7.901456E-03
 .7518288	 7.942604E-03
 .7521651	 7.983967E-03
 .7525012	 8.025545E-03
 .7528343	 8.025154E-03
 .7531736	 8.109352E-03
 .7535067	 8.108958E-03
 .7538398	 8.108559E-03
 .754176	 8.150786E-03
 .754509	 8.150389E-03
 .7548422	 8.14999E-03
 .7551783	 8.192432E-03
 .7555145	 8.235096E-03
 .7558507	 8.277982E-03
 .7561869	 8.321092E-03
 .7565231	 8.364425E-03
 .7568593	 8.407984E-03
 .7571955	 8.451771E-03
 .7575316	 8.495789E-03
 .7578647	 8.495372E-03
 .7581978	 8.494955E-03
 .758534	 8.539193E-03
 .7588702	 8.583668E-03
 .7592033	 8.583246E-03
 .7595364	 8.582824E-03
 .7598726	 8.627525E-03
 .7602056	 8.627101E-03
 .7605387	 8.626678E-03
 .7608749	 8.671603E-03
 .761208	 8.671181E-03
 .7615411	 8.670755E-03
 .7618835	 8.807791E-03
 .7622197	 8.853659E-03
 .7625589	 8.946549E-03
 .7628983	 9.040417E-03
 .7632313	 9.039978E-03
 .7635644	 9.039534E-03
 .7638975	 9.03909E-03
 .7642305	 9.03865E-03
 .7645699	 9.133485E-03
 .7649029	 9.133036E-03
 .7652391	 9.180599E-03
 .7655722	 9.180148E-03
 .7659053	 9.179701E-03
 .7662415	 9.227507E-03
 .7665746	 9.227053E-03
 .7669077	 9.226604E-03
 .7672408	 9.226152E-03
 .7675769	 9.274199E-03
 .7679069	 9.225249E-03
 .76824	 .0092248
 .7685793	 9.321584E-03
 .7689124	 9.321131E-03
 .7692485	 9.369672E-03
 .7695879	 9.467976E-03
 .7699209	 9.467516E-03
 .770254	 9.46705E-03
 .7705871	 9.46659E-03
 .7709295	 9.616199E-03
 .7712657	 9.666277E-03
 .7715988	 9.665808E-03
 .7719319	 9.665333E-03
 .7722681	 9.715667E-03
 .7726073	 9.817605E-03
 .7729436	 9.868733E-03
 .7732797	 9.920126E-03
 .7736128	 9.919639E-03
 .773949	 9.971297E-03
 .7742821	 9.970812E-03
 .7746214	 1.007543E-02
 .7749575	 .0101279
 .7752907	 .0101274
 .7756268	 1.018014E-02
 .7759599	 1.017964E-02
 .7762961	 1.023266E-02
 .7766292	 1.023216E-02
 .7769623	 1.023165E-02
 .7772985	 1.028494E-02
 .7776346	 .0103385
 .7779709	 1.039234E-02
 .778307	 1.044646E-02
 .7786401	 1.044595E-02
 .7789732	 1.044544E-02
 .7793063	 1.044493E-02
 .7796394	 1.044442E-02
 .7799724	 1.044391E-02
 .7803086	 .0104983
 .7806448	 1.055297E-02
 .780981	 1.060792E-02
 .7813172	 1.066317E-02
 .7816502	 1.066265E-02
 .7819865	 1.071818E-02
 .7823226	 1.077399E-02
 .7826588	 .0108301
 .7829919	 1.082957E-02
 .7833281	 1.088597E-02
 .7836612	 1.088544E-02
 .7839912	 1.082798E-02
 .7843242	 1.082745E-02
 .7846636	 1.094105E-02
 .7849997	 1.099803E-02
 .7853359	 1.105531E-02
 .785669	 1.105476E-02
 .7860052	 1.111233E-02
 .7863383	 1.111179E-02
 .7866776	 1.122838E-02
 .7870138	 1.128685E-02
 .7873468	 .0112863
 .7876799	 1.128575E-02
 .7880161	 1.134452E-02
 .7883492	 1.134397E-02
 .7886854	 1.140304E-02
 .7890216	 1.146243E-02
 .7893515	 1.140193E-02
 .7896878	 1.146131E-02
 .790027	 1.158156E-02
 .7903633	 1.164187E-02
 .7906932	 1.158042E-02
 .7910325	 1.170193E-02
 .7913687	 1.176287E-02
 .7917018	 1.176229E-02
 .7920349	 1.176172E-02
 .7923741	 1.188512E-02
 .7927072	 1.188454E-02
 .7930434	 1.194643E-02
 .7933765	 1.194585E-02
 .7937127	 1.200806E-02
 .794052	 1.213404E-02
 .794382	 .01207
 .794715	 1.206941E-02
 .7950543	 1.219604E-02
 .7953874	 1.219545E-02
 .7957236	 1.225896E-02
 .7960598	 .0123228
 .796396	 1.238697E-02
 .7967322	 1.245148E-02
 .7970653	 1.245087E-02
 .7973983	 1.245026E-02
 .7977345	 .0125151
 .7980676	 1.251449E-02
 .7984038	 1.257966E-02
 .7987369	 1.257905E-02
 .7990731	 1.264455E-02
 .7994062	 1.264394E-02
 .7997423	 1.270978E-02
 .8000785	 1.277597E-02
 .8004116	 1.277535E-02
 .8007447	 1.277472E-02
 .8010809	 1.284125E-02
 .8014202	 1.297598E-02
 .8017564	 1.304355E-02
 .8020895	 1.304292E-02
 .8024225	 1.304228E-02
 .8027587	 .0131102
 .8030918	 1.310956E-02
 .8034249	 1.310892E-02
 .803758	 1.310828E-02
 .804091	 1.310764E-02
 .8044241	 1.310699E-02
 .8047665	 1.331414E-02
 .8051027	 1.338348E-02
 .8054358	 1.338282E-02
 .8057751	 1.352323E-02
 .8061082	 1.352257E-02
 .8064412	 1.352191E-02
 .8067775	 1.359233E-02
 .8071105	 1.359166E-02
 .8074467	 1.366244E-02
 .8077829	 1.373359E-02
 .8081191	 1.380512E-02
 .8084522	 1.380444E-02
 .8087853	 1.380376E-02
 .8091183	 1.380309E-02
 .8094515	 1.380241E-02
 .8097845	 1.380174E-02
 .8101207	 1.387362E-02
 .81046	 1.401918E-02
 .8107962	 1.409219E-02
 .8111293	 .0140915
 .8114685	 1.423935E-02
 .8118017	 1.423865E-02
 .8121378	 .0143128
 .8124709	 .0143121
 .812804	 .0143114
 .8131402	 1.438593E-02
 .8134733	 1.438523E-02
 .8138064	 1.438452E-02
 .8141394	 1.438382E-02
 .8144788	 1.453473E-02
 .8148118	 1.453403E-02
 .8151449	 1.453331E-02
 .8154811	 .014609
 .8158204	 1.476228E-02
 .8161566	 1.483916E-02
 .8164927	 1.491643E-02
 .816829	 1.499411E-02
 .8171651	 .0150722
 .8174982	 1.507146E-02
 .8178344	 1.514995E-02
 .8181675	 1.514921E-02
 .8185006	 1.514847E-02
 .8188367	 1.522735E-02
 .819173	 1.530666E-02
 .819506	 1.530591E-02
 .8198391	 1.530516E-02
 .8201753	 1.538486E-02
 .8205115	 1.546499E-02
 .8208508	 1.562724E-02
 .8211777	 1.546347E-02
 .8215107	 1.546272E-02
 .821847	 1.554324E-02
 .8221831	 1.562419E-02
 .8225162	 1.562342E-02
 .8228524	 1.570478E-02
 .8231886	 1.578658E-02
 .8235217	 .0157858
 .8238578	 1.586801E-02
 .8241941	 1.595064E-02
 .8245271	 1.594987E-02
 .8248633	 1.603293E-02
 .8251995	 1.611643E-02
 .8255326	 1.611563E-02
 .8258688	 1.619956E-02
 .826205	 1.628392E-02
 .8265349	 1.619798E-02
 .826868	 1.619718E-02
 .8272011	 1.619639E-02
 .8275311	 1.611091E-02
 .8278611	 1.602587E-02
 .8281941	 1.602509E-02
 .8285428	 1.644995E-02
 .8288758	 1.644914E-02
 .8292089	 1.644833E-02
 .829542	 1.644753E-02
 .8298751	 1.644673E-02
 .8302113	 1.653238E-02
 .8305475	 1.661847E-02
 .8308868	 1.679284E-02
 .831223	 1.688029E-02
 .831556	 1.687947E-02
 .8318922	 1.696737E-02
 .8322284	 1.705573E-02
 .8325615	 1.705489E-02
 .8328977	 1.714371E-02
 .8332307	 1.714288E-02
 .8335639	 1.714203E-02
 .8339031	 1.732189E-02
 .8342362	 1.732104E-02
 .8345724	 1.741124E-02
 .8349055	 .0174104
 .8352386	 1.740954E-02
 .8355747	 .0175002
 .8359078	 1.749935E-02
 .8362409	 1.749849E-02
 .8365771	 1.758962E-02
 .8369102	 1.758876E-02
 .8372433	 .0175879
 .8375764	 1.758705E-02
 .8379126	 1.767863E-02
 .8382456	 1.767777E-02
 .838585	 1.786324E-02
 .8389273	 1.814555E-02
 .8392604	 1.814466E-02
 .8395935	 1.814378E-02
 .8399266	 1.814289E-02
 .8402597	 1.814201E-02
 .8405927	 1.814112E-02
 .8409289	 1.823559E-02
 .8412682	 1.842692E-02
 .8416013	 1.842602E-02
 .8419375	 1.852197E-02
 .8422706	 1.852107E-02
 .8426037	 1.852017E-02
 .8429399	 1.861661E-02
 .843276	 1.871356E-02
 .843606	 1.861479E-02
 .8439422	 1.871173E-02
 .8442784	 1.880918E-02
 .8446146	 1.890713E-02
 .8449508	 1.900559E-02
 .8452839	 1.900466E-02
 .84562	 1.910364E-02
 .8459531	 .0191027
 .8462862	 1.910177E-02
 .8466224	 1.920124E-02
 .8469586	 1.930124E-02
 .8472916	 .0193003
 .8476279	 1.940081E-02
 .8479609	 1.939986E-02
 .848294	 1.939891E-02
 .8486271	 1.939796E-02
 .8489633	 1.949898E-02
 .8492995	 1.960052E-02
 .8496326	 1.959957E-02
 .8499656	 1.959861E-02
 .8502987	 1.959765E-02
 .8506349	 1.969971E-02
 .8509711	 .0198023
 .8513042	 1.980133E-02
 .8516404	 1.990445E-02
 .8519735	 1.990348E-02
 .8523096	 2.000713E-02
 .8526458	 2.011132E-02
 .8529789	 2.011034E-02
 .8533151	 2.021507E-02
 .8536482	 2.021408E-02
 .8539875	 2.042616E-02
 .8543237	 2.053254E-02
 .8546568	 2.053153E-02
 .8549929	 2.063846E-02
 .8553323	 2.085499E-02
 .8556653	 2.085398E-02
 .8559984	 2.085296E-02
 .8563315	 2.085194E-02
 .8566646	 2.085091E-02
 .8569977	 2.084989E-02
 .8573307	 2.084888E-02
 .8576669	 2.095745E-02
 .858	 2.095642E-02
 .8583331	 .0209554
 .8586724	 2.117526E-02
 .8590055	 2.117423E-02
 .8593417	 .0212845
 .8596779	 2.139535E-02
 .8600109	 .0213943
 .8603471	 2.150572E-02
 .8606833	 2.161771E-02
 .8610195	 2.173029E-02
 .8613526	 2.172923E-02
 .8616856	 2.172817E-02
 .8620188	 .0217271
 .8623611	 2.207048E-02
 .8626942	 .0220694
 .8630273	 2.206832E-02
 .8633635	 2.218325E-02
 .8636966	 2.218216E-02
 .8640327	 2.229768E-02
 .864369	 .0224138
 .864702	 .0224127
 .8650351	 2.241161E-02
 .8653713	 2.252832E-02
 .8657013	 2.240942E-02
 .8660375	 2.252612E-02
 .8663737	 2.264343E-02
 .8667098	 2.276135E-02
 .8670461	 2.287988E-02
 .8673791	 2.287876E-02
 .8677122	 2.287764E-02
 .8680484	 2.299679E-02
 .8683815	 2.299566E-02
 .8687146	 2.299454E-02
 .8690476	 2.299341E-02
 .8693807	 2.299229E-02
 .8697138	 2.299116E-02
 .8700593	 2.347729E-02
 .8703893	 2.335337E-02
 .8707224	 2.335223E-02
 .8710555	 2.335109E-02
 .871401	 2.384483E-02
 .871734	 2.384366E-02
 .8720672	 2.384249E-02
 .8723971	 2.371665E-02
 .8727364	 2.396549E-02
 .8730695	 2.396431E-02
 .8734026	 2.396314E-02
 .8737388	 2.408794E-02
 .8740718	 2.408676E-02
 .874408	 2.421219E-02
 .8747442	 2.433828E-02
 .8750773	 2.433709E-02
 .8754135	 2.446383E-02
 .8757465	 2.446264E-02
 .8760828	 2.459003E-02
 .8764158	 2.458883E-02
 .876752	 2.471688E-02
 .8770851	 2.471568E-02
 .8774244	 .024975
 .8777575	 2.497377E-02
 .8780937	 2.510383E-02
 .8784268	 .0251026
 .878763	 2.523333E-02
 .879096	 2.523209E-02
 .8794291	 2.523086E-02
 .8797653	 2.536225E-02
 .8801015	 2.549434E-02
 .8804346	 2.549309E-02
 .8807676	 2.549184E-02
 .8811039	 .0256246
 .8814369	 2.562334E-02
 .88177	 2.562209E-02
 .8821062	 2.575552E-02
 .8824393	 2.575426E-02
 .8827755	 2.588838E-02
 .8831117	 2.602321E-02
 .8834447	 2.602193E-02
 .8837779	 2.602066E-02
 .884114	 2.615617E-02
 .8844471	 2.615489E-02
 .8847864	 2.642931E-02
 .8851164	 2.628981E-02
 .8854495	 2.628852E-02
 .8857856	 2.642543E-02
 .8861187	 2.642414E-02
 .8864549	 2.656174E-02
 .886788	 2.656045E-02
 .8871211	 2.655915E-02
 .8874542	 2.655785E-02
 .8877903	 2.669615E-02
 .8881235	 2.669485E-02
 .8884565	 2.669355E-02
 .8887927	 2.683256E-02
 .889132	 2.711408E-02
 .8894682	 2.725529E-02
 .8898013	 2.725395E-02
 .8901374	 2.739588E-02
 .8904706	 2.739454E-02
 .8908067	 2.753721E-02
 .8911429	 2.768062E-02
 .891476	 2.767927E-02
 .8918091	 2.767791E-02
 .8921422	 2.767655E-02
 .8924783	 2.782069E-02
 .8928145	 2.796557E-02
 .8931476	 .0279642
 .8934838	 2.810984E-02
 .8938169	 2.810846E-02
 .89415	 2.810708E-02
 .8944862	 2.825345E-02
 .8948193	 2.825207E-02
 .8951523	 2.825069E-02
 .8954885	 2.839782E-02
 .8958247	 .0285457
 .8961609	 2.869437E-02
 .896494	 2.869296E-02
 .8968239	 2.854152E-02
 .8971633	 2.884097E-02
 .8974994	 2.899117E-02
 .8978356	 2.914215E-02
 .8981687	 2.914073E-02
 .8985018	 .0291393
 .898838	 2.929105E-02
 .8991742	 2.944359E-02
 .8995104	 2.959692E-02
 .8998435	 2.959548E-02
 .9001796	 .0297496
 .9005127	 2.974815E-02
 .9008458	 2.974669E-02
 .9011789	 2.974524E-02
 .9015182	 3.005732E-02
 .9018512	 3.005585E-02
 .9021844	 3.005439E-02
 .9025174	 3.005292E-02
 .9028505	 3.005144E-02
 .9031836	 3.004997E-02
 .9035167	 .0300485
 .903856	 3.036378E-02
 .9041921	 .0305219
 .9045252	 3.052041E-02
 .9048615	 3.067935E-02
 .9051945	 3.067785E-02
 .9055245	 3.051593E-02
 .9058514	 3.019613E-02
 .9061937	 3.067335E-02
 .90653	 3.083308E-02
 .9068692	 3.115659E-02
 .9072054	 3.131884E-02
 .9075385	 3.131731E-02
 .9078716	 3.131578E-02
 .9082078	 3.147887E-02
 .9085408	 3.147733E-02
 .9088771	 3.164125E-02
 .9092101	 3.163971E-02
 .9095463	 3.180448E-02
 .9098794	 3.180292E-02
 .9102125	 3.180136E-02
 .9105456	 .0317998
 .9108787	 3.179825E-02
 .9112117	 .0317967
 .9115448	 3.179514E-02
 .9118779	 3.179359E-02
 .9122203	 3.229606E-02
 .9125534	 3.229447E-02
 .9128896	 3.246266E-02
 .9132258	 3.263172E-02
 .9135588	 3.263012E-02
 .913895	 3.280005E-02
 .914225	 3.262692E-02
 .9145612	 3.279683E-02
 .9148974	 3.296764E-02
 .9152336	 3.313933E-02
 .9155698	 .0333119
 .9158998	 3.313608E-02
 .9162359	 3.330865E-02
 .916569	 3.330701E-02
 .9169052	 3.348047E-02
 .9172383	 3.347883E-02
 .9175745	 3.365318E-02
 .9179075	 3.365153E-02
 .9182407	 3.364989E-02
 .9185706	 3.347228E-02
 .9189037	 3.347065E-02
 .9192399	 3.364496E-02
 .9195792	 3.399795E-02
 .9199123	 3.399629E-02
 .9202453	 3.399463E-02
 .9205815	 3.417166E-02
 .9209177	 3.434962E-02
 .9212539	 .0345285
 .921587	 3.452681E-02
 .9219201	 3.452513E-02
 .9222531	 3.452344E-02
 .9225894	 3.470323E-02
 .9229255	 3.488395E-02
 .9232617	 3.506562E-02
 .9235948	 .0350639
 .9239279	 3.506219E-02
 .9242641	 3.524478E-02
 .9246002	 3.542833E-02
 .9249334	 3.542659E-02
 .9252664	 3.542487E-02
 .9255995	 3.542313E-02
 .9259357	 3.560761E-02
 .9262688	 3.560587E-02
 .926605	 3.579129E-02
 .9269412	 3.597768E-02
 .9272742	 3.597592E-02
 .9276105	 3.616327E-02
 .9279466	 3.635161E-02
 .9282797	 3.634983E-02
 .9286159	 3.653913E-02
 .928949	 3.653734E-02
 .9292821	 3.653555E-02
 .9296182	 3.672582E-02
 .9299513	 3.672402E-02
 .9302844	 3.672223E-02
 .9306206	 3.691347E-02
 .9309568	 .0371057
 .9312899	 3.710389E-02
 .931623	 3.710207E-02
 .9319561	 3.710026E-02
 .9322891	 3.709845E-02
 .9326284	 3.748768E-02
 .9329646	 3.768291E-02
 .9332977	 3.768107E-02
 .9336308	 3.767922E-02
 .9339669	 3.787544E-02
 .9343001	 3.787359E-02
 .9346362	 3.807083E-02
 .9349693	 3.806897E-02
 .9353024	 3.806711E-02
 .9356386	 3.826535E-02
 .9359717	 3.826348E-02
 .9363078	 3.846274E-02
 .936644	 3.866304E-02
 .9369771	 3.866116E-02
 .9373133	 3.886249E-02
 .9376464	 3.886059E-02
 .9379826	 3.906297E-02
 .9383157	 3.906106E-02
 .9386488	 3.905915E-02
 .9389849	 3.926256E-02
 .9393212	 3.946703E-02
 .9396542	 .0394651
 .9399904	 3.967062E-02
 .9403235	 3.966868E-02
 .9406565	 3.966674E-02
 .9409928	 3.987331E-02
 .9413258	 3.987136E-02
 .9416589	 3.986942E-02
 .9419951	 4.007704E-02
 .9423282	 4.007508E-02
 .9426644	 4.028378E-02
 .9429975	 4.028181E-02
 .9433305	 4.027985E-02
 .9436699	 4.070246E-02
 .9440029	 4.070047E-02
 .9443391	 4.091242E-02
 .9446691	 4.069649E-02
 .9450022	 .0406945
 .9453415	 4.112146E-02
 .9456745	 4.111945E-02
 .9460107	 4.133359E-02
 .9463469	 4.154884E-02
 .94668	 4.154681E-02
 .9470131	 4.154478E-02
 .9473462	 4.154275E-02
 .9476824	 .0417591
 .9480186	 4.197656E-02
 .9483516	 4.197451E-02
 .9486879	 .0421931
 .9490209	 4.219104E-02
 .9493571	 4.241076E-02
 .9496902	 4.240869E-02
 .9500264	 4.262954E-02
 .9503595	 4.262745E-02
 .9506925	 4.262537E-02
 .9510318	 4.307259E-02
 .9513649	 4.307049E-02
 .951698	 4.306838E-02
 .952028	 4.284107E-02
 .9523672	 4.329056E-02
 .9527003	 4.328844E-02
 .9530365	 4.351387E-02
 .9533696	 4.351174E-02
 .9537058	 4.373834E-02
 .954042	 4.396612E-02
 .9543751	 4.396397E-02
 .9547051	 4.373193E-02
 .9550412	 4.395967E-02
 .9553774	 .0441886
 .9557105	 4.418644E-02
 .9560467	 4.441655E-02
 .9563798	 4.441438E-02
 .9567159	 4.464567E-02
 .957046	 4.441004E-02
 .9573821	 4.464131E-02
 .9577152	 4.463913E-02
 .9580483	 4.463695E-02
 .9583845	 .0448694
 .9587176	 4.486721E-02
 .9590538	 4.510087E-02
 .9593899	 4.533574E-02
 .9597231	 4.533352E-02
 .9600561	 4.533131E-02
 .9603954	 4.580692E-02
 .9607285	 4.580468E-02
 .9610616	 4.580244E-02
 .9613947	 .0458002
 .9617308	 4.603872E-02
 .962067	 4.627847E-02
 .9624001	 4.627621E-02
 .9627332	 4.627395E-02
 .9630663	 4.627169E-02
 .9633963	 4.602746E-02
 .9637293	 4.602521E-02
 .9640656	 4.626489E-02
 .9644079	 4.699607E-02
 .964741	 4.699377E-02
 .9650741	 4.699147E-02
 .9654072	 4.698918E-02
 .9657434	 4.723388E-02
 .9660764	 4.723157E-02
 .9664127	 4.747754E-02
 .9667488	 4.772479E-02
 .9670819	 4.772246E-02
 .967415	 4.772013E-02
 .9677512	 4.796864E-02
 .9680843	 4.796629E-02
 .9684173	 4.796394E-02
 .9687535	 4.821373E-02
 .9690897	 4.846482E-02
 .9694228	 4.846245E-02
 .9697528	 4.820665E-02
 .970089	 .0484577
 .9704251	 4.871006E-02
 .9707583	 4.870767E-02
 .9710944	 4.896134E-02
 .9714306	 4.921631E-02
 .9717637	 4.921391E-02
 .9720968	 4.921149E-02
 .9724299	 4.920908E-02
 .9727598	 4.894936E-02
 .9730991	 4.946293E-02
 .9734322	 4.946052E-02
 .9737715	 4.997946E-02
 .9741046	 4.997701E-02
 .9744408	 5.023729E-02
 .9747801	 5.076437E-02
 .9751132	 5.076189E-02
 .9754462	 5.075941E-02
 .9757825	 5.102375E-02
 .9761155	 5.102126E-02
 .9764486	 5.101876E-02
 .9767817	 5.101626E-02
 .9771147	 5.101376E-02
 .9774479	 5.101127E-02
 .977784	 5.127692E-02
 .9781171	 5.127442E-02
 .9784502	 5.127191E-02
 .9787864	 5.153891E-02
 .9791226	 5.180731E-02
 .9794556	 5.180478E-02
 .9797918	 5.207457E-02
 .9801219	 5.179972E-02
 .980458	 5.206948E-02
 .9807942	 5.234064E-02
 .9811273	 5.233808E-02
 .9814604	 5.233552E-02
 .9817935	 5.233296E-02
 .9821265	 5.233041E-02
 .9824627	 5.260293E-02
 .9827989	 5.287687E-02
 .9831351	 5.315224E-02
 .9834713	 5.342904E-02
 .9838043	 5.342643E-02
 .9841375	 5.342381E-02
 .9844705	 .0534212
 .9848067	 .0536994
 .9851429	 5.397905E-02
 .985476	 5.397642E-02
 .9858122	 5.425751E-02
 .9861484	 5.454007E-02
 .9864814	 .0545374
 .9868146	 5.453474E-02
 .9871476	 5.453207E-02
 .9874838	 5.481606E-02
 .9878169	 5.481338E-02
 .9881531	 5.509883E-02
 .9884862	 5.509614E-02
 .9888223	 5.538306E-02
 .9891585	 5.567148E-02
 .9894916	 5.566876E-02
 .9898247	 5.566604E-02
 .9901578	 5.566332E-02
 .990494	 5.595319E-02
 .9908239	 5.565787E-02
 .9911571	 5.565516E-02
 .9914932	 5.594499E-02
 .9918294	 5.623633E-02
 .9921625	 5.623359E-02
