1	0	0.11632593409132	-12.055479607	-18.686469028363	
1.2589254117942	0.1	0.18327730896544	-15.156588191832	-14.737826009114	
1.5848931924611	0.2	0.2877697921076	-19.040101278687	-10.819095939019	
1.9952623149689	0.3	0.44938947957531	-23.88761348283	-6.9475419768278	
2.5118864315096	0.4	0.6958202085924	-29.905996928821	-3.1500592452346	
3.1622776601684	0.5	1.0631829438352	-37.311523191555	0.53216001599828	
3.981071705535	0.6	1.59187355844	-46.289054526497	4.038171380438	
5.0118723362727	0.7	2.3130629298074	-56.909580647118	7.2837489692586	
6.3095734448019	0.8	3.2235308892855	-69.002739032531	10.166636723342	
7.9432823472428	0.9	4.2607112148981	-82.037908117228	12.589641986396	
10	1	5.3087200251948	-95.144026508159	14.499796436681	
12.589254117942	1.1	6.2501578190147	-107.3491113449	15.917819671879	
15.848931924611	1.2	7.0227428162539	-117.89500237566	16.930135283385	
19.952623149689	1.3	7.6317747580445	-126.39028789979	17.652510884912	
25.118864315096	1.4	8.1260927453999	-132.76279707545	18.197635494894	
31.622776601684	1.5	8.5721467223346	-137.14249607152	18.661791917846	
39.81071705535	1.6	9.0412916669483	-139.7789397019	19.124609591268	
50.118723362727	1.7	9.6066348885554	-141.01394016044	19.651425702867	
63.095734448019	1.8	10.341601109383	-141.28378675118	20.291755647768	
79.432823472428	1.9	11.314232742762	-141.1105386301	21.072502165581	
100	2	12.574266209887	-141.04920045521	21.989653011266	
125.89254117942	2.1	14.133986108376	-141.58955698651	23.005293202629	
158.48931924611	2.2	15.948955175993	-143.04981294814	24.05464474954	
199.52623149689	2.3	17.910172253141	-145.5103746462	25.061995254925	
251.18864315096	2.4	19.860767909358	-148.81647833879	25.959920726439	
316.22776601684	2.5	21.639435429696	-152.64991775119	26.704918517816	
398.1071705535	2.6	23.13049591539	-156.64148046397	27.283698881965	
501.18723362727	2.7	24.290316922125	-160.4749954198	27.708663623918	
630.95734448019	2.8	25.138791414518	-163.94283493502	28.006887889733	
794.32823472428	2.9	25.731102984699	-166.9480496759	28.209168059925	
1000	3	26.130870231223	-169.47597133189	28.343077463834	
1258.9254117942	3.1	26.39447153206	-171.56021119629	28.430259420312	
1584.8931924611	3.2	26.565596407654	-173.25615250614	28.486391408601	
1995.2623149689	3.3	26.675556506195	-174.62448903483	28.522269769089	
2511.8864315096	3.4	26.745747645218	-175.72265159992	28.545094851616	
3162.2776601684	3.5	26.790363159603	-176.60118835321	28.559572015459	
3981.071705535	3.6	26.818645365657	-177.3028450482	28.56873674915	
5011.8723362727	3.7	26.836542793686	-177.86294242666	28.574531345936	
6309.5734448019	3.8	26.847855991508	-178.31027622344	28.578192193088	
7943.2823472428	3.9	26.855001873982	-178.66814953853	28.580503740345	
10000	4	26.859512886868	-178.95535962305	28.581962644343	
12589.254117942	4.1	26.862358744596	-179.18707053785	28.58288289546	
15848.931924611	4.2	26.864152137148	-179.37555604869	28.583462765975	
19952.623149689	4.3	26.865279540617	-179.53082075175	28.583827277633	
25118.864315096	4.4	26.865984047836	-179.66111653505	28.584055050872	
31622.776601684	4.5	26.866417629116	-179.77337382943	28.584195228456	
39810.71705535	4.6	26.866673835197	-179.8735665651	28.584278059266	
50118.723362727	4.7	26.866807950299	-179.96702823103	28.584321418042	
63095.73444802	4.8	26.866848917713	-180.05873484088	28.584334662569	
79432.823472428	4.9	26.866805578685	-180.15356934769	28.584320651312	
100000	5	26.866668582095	-180.25658130248	28.584276360959	
125892.54117942	5.1	26.866408357091	-180.37325539775	28.584192230818	
158489.31924611	5.2	26.86596875442	-180.50980301631	28.584050106442	
199526.23149689	5.3	26.865254915129	-180.67349204843	28.583819315893	
251188.64315096	5.4	26.864112852638	-180.87303206305	28.583450064247	
316227.76601684	5.5	26.862296272578	-181.11903441958	28.582862695235	
398107.1705535	5.6	26.859413635883	-181.42456998564	28.581930548277	
501187.23362727	5.7	26.854844141256	-181.80585051531	28.580452723663	
630957.3444802	5.8	26.847605036285	-182.28306271777	28.578111003008	
794328.23472428	5.9	26.836142705263	-182.88138503914	28.574401852736	
1000000	6	26.818005430027	-183.63221280605	28.568529487504	
1258925.4117942	6.1	26.78933438163	-184.57460083754	28.559238461805	
1584893.1924611	6.2	26.74408094845	-185.75689058559	28.544553562007	
1995262.3149689	6.3	26.672825377527	-187.23839643083	28.521380434441	
2511886.4315096	6.4	26.5610479258	-189.09083925325	28.484904109262	
3162277.6601684	6.5	26.386729833274	-191.39886664123	28.427711409278	
3981071.705535	6.6	26.117335839478	-194.25840558699	28.338577472563	
5011872.3362727	6.7	25.706745112548	-197.77073053814	28.200941829126	
6309573.444802	6.8	25.093821391411	-202.02925705107	27.99133605039	
7943282.3472429	6.9	24.206099932442	-207.09620802668	27.678496437936	
10000000	7	22.973463704703	-212.96965392453	27.224529572542	
12589254.117942	7.1	21.354382059057	-219.55026765549	26.589740171567	
15848931.924611	7.2	19.367471223652	-226.62875247952	25.741458387219	
19952623.149689	7.3	17.107979899515	-233.91613478175	24.663974626488	
25118864.315096	7.4	14.729833524515	-241.11635019903	23.363956770128	
31622776.601684	7.5	12.398708868673	-248.00709197811	21.867529250978	
39810717.05535	7.6	10.245822513322	-254.48772028301	20.210936567889	
50118723.362727	7.7	8.3467677084354	-260.58107017779	18.430366544019	
63095734.44802	7.8	6.7259007158519	-266.40581657881	16.555009044063	
79432823.472429	7.9	5.372736690509	-272.14220857682	14.603911139827	
100000000	8	4.2585282327127	-278.00342288412	12.585190616558	
125892541.17942	8.1	3.3481572828081	-284.21327145207	10.496117023768	
158489319.24611	8.2	2.6071821885251	-290.98496297791	8.3234276099909	
199526231.49689	8.3	2.0054658139593	-298.49483040471	6.0443052641707	
251188643.15096	8.4	1.5186945015617	-306.84911541859	3.6294084116921	
316227766.01684	8.5	1.1284509370216	-316.0516800826	1.0496536299238	
398107170.5535	8.6	0.82101675275515	-325.99199592059	-1.7129596211949	
501187233.62728	8.7	0.58521995114453	-336.47206504635	-4.6536175291205	
630957344.4802	8.8	0.41029893948454	-347.26589425017	-7.7379921113859	
794328234.72429	8.9	0.28494348395289	-358.17295563124	-10.904825399222	
1000000000	9	0.19776839003142	-9.0270530191948	-14.076862437989	
